Model syncnet/data/syncnet_v2.model loaded.
WARNING: Audio (21.8880s) and video (21.8400s) lengths are different.
Compute time 3.134 sec.
Framewise conf: 
[-2.332 -2.666 -3.028 -3.028 -3.028 -2.870 -3.079 -2.870 -2.666 -2.038
 -2.038 -2.038 -2.112 -2.852 -2.112 -1.740 -1.740 -1.740 -2.112 -2.112
 -2.852 -3.101 -3.101 -3.101 -3.231 -3.415 -3.611 -3.859 -4.230 -6.621
 -6.621 -6.621 -6.621 -6.621 -5.796 -3.750 -2.807 -2.525 -2.301 -2.301
 -2.012 -1.956 -2.012 -2.301 -2.012 -1.956 -1.956 -2.012 -2.012 -2.516
 -3.119 -3.205 -3.119 -3.119 -3.119 -3.119 -2.751  0.669  2.090  2.090
  2.090  2.090  2.332  2.090  1.478  0.743 -0.809 -0.815 -0.809 -0.809
 -0.809 -0.815 -0.815 -0.809 -0.809  0.134  1.362  1.362  1.362  1.362
  1.362  1.337 -1.937 -1.937 -1.937 -1.937 -1.937 -1.699  1.821  6.594
  6.594  6.594  6.594  6.594  6.323  6.260  4.667  4.238 -3.212 -3.953
 -4.035 -4.060 -4.060 -4.060 -4.060 -4.060 -4.060 -4.060 -4.035 -3.711
 -3.478 -3.478 -3.478 -3.711 -3.711 -3.711 -3.711 -3.354 -3.354 -3.354
 -3.354 -3.354 -2.851 -2.729 -2.729 -2.635 -2.203 -2.203 -2.203 -1.993
 -0.351  0.723  0.723  0.723  0.723  0.723 -1.307 -1.307 -1.307 -1.307
 -1.307  1.575  2.155  2.155  2.155  2.155  2.155  2.126  1.863  1.717
  1.058 -0.753 -2.806 -3.105 -4.872 -4.872 -4.872 -4.872 -4.189 -3.945
 -3.105 -3.105 -2.794 -2.794 -2.794 -2.794 -2.794 -2.794 -2.794 -2.794
 -1.297 -0.837  0.914  3.268  7.090  7.090  7.090  7.090  7.090  6.055
  4.876  3.682  1.549  1.116  0.244 -1.297 -1.401 -2.104 -1.401 -1.401
 -1.401 -1.401  0.964  0.964  0.964  0.964  0.964  0.958 -0.265 -0.964
 -0.964 -0.964 -0.374 -0.265 -0.265 -0.360 -0.360  0.753  1.003  1.583
  1.583  1.167  0.753  0.753  1.167  1.583  2.842  2.169  2.169  2.842
  2.842  3.203  3.948  3.948  3.948  3.412  3.412  3.203  2.067  1.815
  1.673  1.673  1.673  0.810  0.775  1.673  1.815  2.399  2.965  2.965
  2.399 -0.228 -0.228 -0.228 -1.791 -1.791 -1.791 -1.791 -1.791 -1.708
 -1.708 -1.708 -1.708 -1.708 -1.708 -1.708 -1.708 -1.708 -0.397 -0.397
  0.229  0.229  0.229 -0.397 -0.397 -0.941 -2.679 -2.679 -0.941 -0.941
  0.864  1.626  1.798  2.021  4.884  5.183  5.706  6.142  6.179  6.667
  6.745  7.320  7.320  7.320  7.320  6.667  4.330  3.057  2.765  1.498
  1.498  1.498  3.057  3.057  3.057  0.340  0.184  0.340  0.852  0.184
 -0.214 -0.682 -1.382 -0.682 -0.214  0.852 -0.214 -0.682 -0.754 -0.754
 -1.497 -1.614 -1.614 -1.614 -1.614 -1.614 -0.827 -0.070 -0.070 -0.070
 -0.070 -0.070 -1.123 -4.481 -4.481 -4.481 -4.481 -4.481 -3.013 -1.824
 -1.824 -1.824 -1.824 -1.824 -2.408 -2.563 -3.272 -3.372 -3.613 -3.613
 -3.613 -3.272 -2.563 -2.563 -3.272 -3.544 -3.350 -3.350 -3.387 -3.387
 -3.484 -3.544 -3.484 -3.387 -3.350 -2.123 -1.383 -1.218 -1.383  0.013
  0.013  0.013 -1.320 -1.320 -1.320 -0.996 -0.996  0.013  1.262  2.604
  4.215  4.383  4.383  4.383  4.383  4.215  1.318 -3.047 -4.337 -5.189
 -5.917 -6.044 -6.073 -6.284 -6.284 -6.498 -6.498 -6.498 -6.498 -6.498
 -6.498 -6.284 -5.796 -5.796 -4.901 -3.453 -0.910 -0.727  0.038  0.038
  0.364  1.210  1.210  0.364  0.038 -1.868 -2.210 -3.264 -4.084 -4.161
 -5.177 -5.177 -4.161 -4.084 -3.396 -4.306 -3.396 -3.261 -2.669 -2.669
 -2.669 -3.261 -3.261 -3.261 -2.669 -2.102 -2.102  2.327  3.005  3.342
  3.586  3.884  4.885  4.885  4.898  5.386  5.833  5.890  6.776  6.776
  6.776  6.776  6.776  6.776  6.764  6.701  6.701  6.662  6.662  6.701
  6.701  6.701  6.662  6.662  6.662  6.662  6.762  7.267  7.197  7.197
  7.197  7.197  7.197  6.702  6.427  6.348  6.348  6.085  6.085  6.074
  5.753  5.753  5.753  5.753  5.753  5.753  5.830  5.882  5.882  5.882
  5.830  5.725  5.725  5.882  5.725  5.225  5.211  5.211  5.225  5.725
  6.297  6.337  6.373  6.373  6.456  6.620  6.710  6.620  6.456  6.373
  6.147  6.042  5.867  5.867  5.421  5.421  5.867  5.867  5.934  5.934
  5.934  5.976  5.976  5.976  5.976  5.976  6.286  6.401  6.424  6.424
  6.424  6.401  6.401  5.627  5.280  5.085  5.085  5.085  5.085  5.280
  5.970  6.243  6.764  6.764  6.764  6.764  6.783  6.741  6.610  6.610
  6.610]
AV offset: 	-2 
Min dist: 	12.412
Confidence: 	0.681
