Model syncnet/data/syncnet_v2.model loaded.
WARNING: Audio (21.5040s) and video (21.4400s) lengths are different.
Compute time 2.845 sec.
Framewise conf: 
[ 2.302  2.302  2.302  2.302  2.302  1.717  0.480  0.143 -0.197 -1.164
 -1.164 -1.164 -1.164 -1.164 -1.966 -2.229 -2.229 -2.229 -2.229 -2.229
 -2.047 -2.047 -2.096 -2.096 -2.096 -2.047 -0.895 -0.263 -0.263 -0.263
  0.048  0.528  0.528  0.528  0.528  0.048 -0.004 -0.190 -1.904 -1.904
 -1.904 -1.904 -1.904 -1.725  0.260  1.929  2.207  2.450  2.450  2.450
  2.450  2.450  2.397  1.698  1.349  1.349  1.349  1.252  0.977  0.977
  0.977  0.667 -1.771 -1.771 -1.771 -1.771 -1.771  0.902  0.902  0.902
  0.902  0.902  0.891 -0.276 -0.524 -0.653 -0.653 -0.653 -0.524 -0.276
  0.744  2.538  3.968  4.504  4.515  4.676  4.676  4.676  4.676  4.676
  3.405  2.519  1.525  0.969  0.711  0.711  0.613 -1.551 -1.234  0.414
  0.414  0.414  0.414  0.162 -0.322 -0.322  0.162  0.414  0.948  0.948
 -0.322 -0.498 -0.498 -0.879 -0.879 -1.109 -1.236 -2.732 -2.732 -2.732
 -1.416 -1.416 -1.842 -1.842 -1.416 -1.328 -1.103  0.286  1.062  0.286
  1.062  2.478  2.478  2.478  2.082  1.062  1.062  0.205  0.205  0.121
  0.121  0.121  0.205  0.302  1.290  1.706  1.706  1.706  1.706  1.706
  2.973  3.036  0.415  0.415 -0.556 -0.556  1.245  2.429  3.196  3.196
  3.863  4.949  4.949  4.949  5.336  5.655  5.336  5.336  4.179  3.716
  1.943  1.943  1.943 -1.074 -1.762 -1.762 -1.762 -1.762 -2.360 -1.923
 -2.536 -1.923 -1.664 -0.524 -0.566 -0.566 -0.566  0.412  0.670  1.286
  2.382  5.433  5.433  5.719  5.719  5.719  5.500  5.433  5.321  5.114
  4.711  4.711  4.291  2.988 -0.571 -1.070 -1.070 -1.070 -1.070 -1.907
 -0.735 -0.735 -0.735 -0.735 -0.480 -0.480 -0.735 -1.037 -0.904 -0.904
  0.669  1.275  1.600  1.600 -0.904 -0.904 -0.904  0.728  0.728  0.728
  0.728  0.728  0.858  1.029  1.029  1.029  1.029  1.029 -2.216 -2.445
 -3.602 -3.602 -3.602 -3.602 -2.445 -0.507  2.098  3.933  5.838  5.838
  5.974  5.974  6.063  6.063  6.063  6.353  6.687  6.751  6.965  6.965
  6.965  6.965  7.053  6.965  6.917  6.917  6.241  6.241  6.241  6.241
  6.917  6.241  6.158  5.608  5.216  3.533  3.500  3.207  1.981  1.981
  3.207  3.207  3.207  3.455  3.557  4.221  4.221  4.221  4.221  4.221
  2.293  2.293  2.293  2.293  2.293  1.838  1.747  1.747  2.350  2.350
  1.747  1.677  1.626  1.534  1.534  1.534  1.534  1.534  2.303  2.303
  2.303  2.303  2.303  1.538  1.351  1.351  1.351  1.351  1.351  2.608
  3.051  3.051  3.051  3.051  2.608  2.039  1.626  1.626  1.626  1.557
  1.604  1.604  1.626  1.865  1.865  2.201  2.201  2.201  2.238  2.238
  2.238  2.201  2.201  1.685  1.487  0.642 -0.038 -0.375 -0.932 -0.932
 -0.375 -0.038  0.078  0.078 -0.038 -0.124  0.078  0.569  0.670  0.670
  0.670  0.865  1.107  1.154  1.403  1.977  2.135  2.135  2.342  2.342
  2.342  2.135  0.865  0.156  0.156  0.156  0.865  0.865  1.431  3.287
  4.762  4.927  4.927  4.927  4.762  3.600  3.600  3.108  2.371  2.110
  1.322  1.516  1.516  1.516  1.322  0.456  0.456  0.456  0.328  0.328
 -0.064 -0.103 -0.736 -0.747 -1.468 -1.468 -1.574 -1.656 -1.656 -1.656
 -1.468 -1.468 -1.529 -1.529 -1.952 -2.063 -2.063 -2.599 -2.648 -3.052
 -3.658 -3.837 -4.004 -4.004 -4.185 -4.370 -5.214 -5.235 -5.520 -5.600
 -5.677 -5.677 -5.677 -5.677 -5.677 -3.677 -3.442 -3.442 -3.107 -3.107
 -3.442 -3.677 -4.012 -4.012 -4.732 -4.732 -4.943 -4.943 -5.277 -5.372
 -5.372 -5.372 -5.372 -5.645 -5.645 -5.645 -5.645 -4.834 -4.834 -4.834
 -4.834 -4.975 -4.975 -5.499 -5.499 -5.499 -5.499 -5.499 -5.499 -5.033
 -4.956 -4.877 -4.877 -4.956 -4.956 -5.340 -5.340 -4.956 -4.956 -4.697
 -2.419 -2.419 -2.419 -2.419 -2.419 -2.623 -2.623 -2.711 -3.082 -3.104
 -3.082 -3.082 -3.082 -3.082 -2.079 -3.104 -2.079 -1.812 -1.433 -1.431
 -0.205 -0.205 -0.336 -0.336 -0.205  0.038  0.222  0.222  0.038 -0.336
 -0.630 -0.006 -0.006 -0.544 -0.544 -0.544 -0.544 -0.124 -0.006  0.480
  0.480  0.904  1.674  1.888  1.888  1.888  1.888  1.348  0.034  0.000
  0.000]
AV offset: 	-2 
Min dist: 	11.458
Confidence: 	0.419
