Model syncnet/data/syncnet_v2.model loaded.
WARNING: Audio (40.0000s) and video (39.9600s) lengths are different.
Compute time 4.524 sec.
Framewise conf: 
[-0.094 -0.094 -0.094 -0.094 -0.395 -0.395 -0.094  1.751  2.333  3.069
  3.069  3.069  2.333  2.333  2.333  2.333  2.235  0.945  0.121 -1.493
 -1.769 -1.769 -1.769 -1.769 -1.769  0.773  1.017  1.317  1.317  1.317
  1.955  1.955  3.088  4.810  5.141  5.141  5.713  5.713  5.713  5.713
  5.713  3.714  3.714  3.714  3.714  3.714  5.641  5.641  5.680  5.680
  5.680  5.641  5.641  5.641  5.641  5.761  5.761  5.081  5.081  5.081
  5.081  5.081  4.201  3.855  3.855  3.611  3.611  3.611  5.041  5.041
  5.030  5.030  5.030  3.571  0.624  0.515  0.230  0.230  0.230  0.230
  0.624  2.666  2.790  2.819  5.052  5.052  5.052  2.819  2.819  2.050
  2.050  2.050  2.050  2.050  1.758  1.758  1.758  5.037  5.099  5.468
  5.468  5.468  5.468  5.613  5.613  5.613  5.613  4.813  3.254  3.254
  3.254  3.254  3.254  3.547  3.547  3.547  3.547  3.547  2.835  2.601
  1.008  1.008  1.008  1.008  2.835  2.835  0.734  0.734  0.734  0.275
 -0.938 -0.938 -0.938 -0.938 -0.550  0.275  1.148  1.501  1.652  4.079
  4.195  4.195  4.195  4.079  4.079  4.079  3.909  3.012  1.155  1.155
  1.155  1.155  1.155  3.688  4.020  4.020  4.815  4.966  4.966  5.263
  5.263  6.047  6.182  6.182  6.182  6.182  6.182  5.418  4.070  3.452
  3.038  2.064  2.064  3.452  3.839  3.839  3.839  4.105  5.262  5.370
  5.594  5.594  5.370  5.370  5.370  5.594  5.594  5.095  4.309  4.008
  4.138  4.138  3.742  1.315  1.093  1.315  1.093  0.637 -0.333 -0.696
 -2.740 -2.740 -0.696 -0.333 -0.333 -0.263 -0.263  2.670  3.316  3.497
  3.509  3.497  3.380  3.316  3.316  3.316  3.380  3.380  3.380  0.672
  0.672  0.672  2.450  2.977  4.415  3.534  2.977  2.450  2.450  1.935
  2.977  1.935 -0.866 -1.364 -1.857 -2.304 -1.857 -1.857 -1.857 -1.857
 -1.096  1.744  2.677  3.154  3.950  3.950  3.713  3.154  3.154  3.154
  2.062  1.498  0.125  0.125  0.125  0.125  1.745  2.062  2.062  2.617
  2.721  3.445  5.081  5.081  5.081  4.402  4.150  4.150  4.402  4.402
  4.402  4.150  3.546  3.546  4.868  4.868  4.974  4.868  4.868  4.225
  4.225  4.225  3.969  3.330  3.330  3.330  3.330  3.330  4.069  4.069
  4.069  4.069  4.069  1.738  0.797  0.797  0.485  0.008  0.008  0.008
  0.008  0.485  0.485  0.485  0.485  1.630  3.007  3.007  3.007  3.007
  2.671  2.671  2.671  1.910  1.325  1.325  1.325  1.910  3.404  3.404
  1.910  3.404  3.488  4.051  4.051  3.488  4.051  4.051  5.849  5.849
  5.849  6.044  6.044  6.044  6.044  5.514  5.514  5.514  5.514  5.514
  4.630  4.630  3.973  3.973  5.137  4.963  4.963  5.137  5.137  5.137
  4.963  4.963  2.496  2.496  2.496  2.496  1.667  0.400  1.667  3.618
  3.618  3.761  3.618  3.618  2.923  3.761  3.761  2.923  2.540  2.923
  2.540  2.540  2.540  3.146  3.146  3.594  3.743  3.765  4.962  4.962
  4.109  4.109  3.765  3.594  2.443  2.443  2.105  0.822  0.822  0.822
  2.443  3.035  3.313  4.128  4.128  4.888  4.888  4.593  4.586  4.128
  4.128  4.586  4.586  4.586  4.109  3.527  3.495  3.169  3.495  3.495
  3.495  3.495  4.897  4.897  4.897  4.897  4.897  4.433  4.433  4.433
  4.433  4.433  6.582  6.829  6.829  7.042  7.042  6.829  6.829  5.457
  4.756  4.505  3.804  3.804  3.804  3.804  3.479  3.384 -0.080 -0.961
 -0.961  2.763  2.763  2.763  0.536  0.536  0.537  1.784  2.008  2.763
  3.827  3.827  4.354  4.354  4.354  4.354  4.354  4.145  1.778  1.778
  1.778  1.778  1.778  4.195  4.438  4.438  4.438  4.438  4.638  4.638
  4.845  4.845  5.341  5.341  5.341  5.341  5.341  5.341  4.253  4.253
  4.253  3.571  3.571  3.571  3.571  3.571  3.571  3.571  3.063  2.152
  2.023  1.940  1.940  1.940  1.940  0.071  0.035  0.035  0.071  1.940
  2.251  2.251  4.352  4.520  4.520  4.520  4.520  4.520  4.520  4.020
  4.020  2.462  2.462  3.884  4.020  5.514  5.514  4.777  4.777  3.884
  3.884 -1.633 -1.811 -1.811 -1.853 -1.900 -1.900 -1.853 -1.633 -1.590
 -0.956  0.963  0.963  2.077  2.535  2.535  2.535  2.077  1.549  2.077
  2.535  2.535  1.932  1.559  1.559  1.559  1.932  2.282  1.932  1.932
  1.932  2.172  2.172  2.172  2.172  1.936  1.936  2.172  2.754  2.754
  3.830  4.018  4.018  4.018  4.018  4.325  4.812  5.211  5.211  5.048
  5.048  5.211  5.239  5.239  5.211  5.211  5.239  5.439  5.669  5.439
  5.239  5.439  5.669  5.868  5.930  5.868  5.669  5.185  4.903  4.903
  3.995  3.995  3.995  3.995  2.743  2.743  2.743  2.743  2.743  2.743
  2.743  2.743  2.743  2.743  2.743  2.743  2.743  2.743  2.743  2.743
  2.743  2.743  2.743  2.743  2.743  2.743  2.743  2.743  2.743  2.743
  2.743  2.743  2.743  2.743  2.743  2.743  2.743  2.743  2.743  2.743
  2.743  2.743  2.743  2.743  2.743  2.743  2.743  2.743  2.743  2.743
  2.743  2.743  2.742  2.742  2.742  2.742  2.742  2.742  2.742  2.742
  2.742  2.742  2.742  2.742  2.742  2.742  2.742  2.742  2.742  2.742
  2.742  2.742  2.742  2.742  2.742  2.742  2.742  2.742  2.742  2.742
  2.742  2.742  2.742  2.742  2.742  2.742  2.742  2.742  2.742  2.742
  2.742  2.742  2.742  2.742  2.742  2.742  2.742  2.742  2.742  2.742
  2.742  2.742  2.742  2.742  2.742  2.742  2.742  2.742  2.742  2.742
  2.742  2.742  2.742  2.742  2.742  2.742  2.742  2.742  2.742  2.742
  2.742  2.742  2.742  2.742  2.742  2.742  2.742  2.742  2.742  2.742
  2.742  2.742  2.742  2.742  2.742  2.742  2.742  2.742  2.742  2.742
  2.742  2.742  2.742  2.742  2.742  2.742  2.742  2.742  2.742  2.742
  2.742  2.742  2.742  2.742  2.742  2.742  2.742  2.742  2.742  2.742
  2.742  2.742  2.742  2.742  2.742  2.742  2.743  2.743  2.743  2.743
  2.743  2.743  2.743  2.743  2.743  2.743  2.743  2.743  2.743  2.743
  2.743  2.743  2.743  2.743  2.743  2.743  2.743  2.743  2.743  2.743
  2.743  2.743  2.743  2.743  2.743  2.743  2.743  2.743  2.743  2.743
  2.743  2.743  2.743  2.743  2.743  2.743  2.743  2.743  2.743  2.743
  2.743  2.743  2.743  2.743  2.743  2.743  2.743  2.743  2.743  2.743
  2.743  2.743  2.743  2.743  2.743  2.743  2.743  2.743  2.743  2.743
  2.743  2.743  2.743  2.743  2.743  2.743  2.743  2.743  2.743  2.743
  2.743  2.743  2.742  2.742  2.742  2.742  2.742  2.742  2.742  2.742
  2.742  2.742  2.742  2.742  2.741  2.741  2.741  2.740  2.740  2.740
  2.740  2.731  2.731  2.740  2.740  2.731  2.731  2.740  2.740  2.731
  2.731  2.740  2.740  2.731  2.731  2.740  2.740  2.731  2.731  2.740
  2.740  2.731  2.731  2.740  2.740  2.731  2.731  2.740  2.740  2.731
  2.731  2.740  2.740  2.731  2.731  2.740  2.740  2.731  2.731  2.740
  2.740  2.731  2.731  2.740  2.740  2.731  2.731  2.740  2.740  2.731
  2.731  2.740  2.740  2.731  2.731  2.740  2.740  2.731  2.731  2.740
  2.740  2.731  2.731  2.740  2.740  2.731  2.731  2.740  2.740  2.731
  2.731  2.740  2.740  2.731  2.731  2.740  2.740  2.731  2.731  2.740
  2.740  2.731  2.731  2.740  2.740  2.731  2.731  2.740  2.740  2.731
  2.731  2.740  2.740  2.731  2.731  2.740  2.740  2.731  2.731  2.740
  2.740  2.731  2.731  2.740  2.740  2.731  2.731  2.740  2.740  2.731
  2.731  2.740  2.740  2.731  2.731  2.740  2.740  2.731  2.731  2.740
  2.740  2.731  2.731  2.740  2.740  2.731  2.731  2.740  2.740  2.731
  2.731  2.740  2.740  2.731  2.731  2.740  2.740  2.731  2.731  2.740
  2.731  2.731  2.731  2.731]
AV offset: 	0 
Min dist: 	8.686
Confidence: 	2.862
