Model syncnet/data/syncnet_v2.model loaded.
WARNING: Audio (8.3840s) and video (8.3200s) lengths are different.
Compute time 1.942 sec.
Framewise conf: 
[ 0.000  0.000  0.000  0.000 -0.501 -0.798 -0.834 -0.915 -2.495 -2.495
 -0.915 -0.834 -0.798  1.022  1.022  1.022  1.499  1.511  1.511  1.511
  1.511  1.511  1.511  2.328  2.328  1.511  2.018  2.018  0.546  0.357
  0.546  0.546  0.546  0.584  0.637  0.637  0.637  0.753  0.753  0.637
  0.637  0.637 -1.259 -1.259 -1.259 -1.259 -1.864 -1.864 -1.864 -2.033
 -1.259 -0.219 -0.219 -0.219 -0.219  0.070  0.070  0.453  0.453  0.453
  0.453 -0.232 -0.281 -0.281 -0.281 -0.232 -0.232  0.909  2.591  2.591
  2.591  2.591  2.591 -0.557 -0.929 -0.929 -1.168 -1.534 -1.792 -2.086
 -1.792 -1.792 -1.792 -0.620 -0.620 -0.620 -0.620 -0.620 -0.620 -0.608
 -1.800 -1.800 -1.800 -1.800 -0.608  0.769  0.769  0.769  0.989  1.295
  1.295  1.295  0.685  0.162 -0.018 -0.018 -0.212 -0.594 -0.594 -0.594
 -0.594 -0.594 -0.594 -0.594 -0.819 -0.884 -0.869 -0.884 -0.884 -0.884
 -0.884 -0.869 -0.869 -0.869 -0.709 -0.709 -0.709 -0.709 -0.709 -0.709
 -0.969 -0.709  0.184  0.184  0.528  0.528  0.528  0.184 -0.597 -0.597
 -1.595 -1.595 -1.595 -1.595 -1.088 -1.088 -0.902 -0.347 -0.347 -0.347
 -0.347 -0.347 -0.347 -0.347  0.202  0.202  0.202  0.297  0.297  0.297
  0.297  0.202 -0.919 -0.919 -0.919 -0.919 -1.109 -1.109 -1.109 -1.338
 -1.489 -2.902 -2.902 -2.902 -2.902 -2.902 -0.534  0.017  0.017  1.171
  1.877  2.481  2.487  3.081  3.492  4.157  4.626  4.669  4.690  4.755
  4.755  4.972  5.066  5.110  5.664  5.664  5.664  5.754  5.754  5.754
  5.754  5.458  5.298]
AV offset: 	-15 
Min dist: 	8.869
Confidence: 	0.283
