Model syncnet/data/syncnet_v2.model loaded.
WARNING: Audio (12.2240s) and video (12.1600s) lengths are different.
Compute time 2.214 sec.
Framewise conf: 
[ 0.000  0.000  0.007  0.007  0.731  0.731  0.731  0.731  3.193  3.193
  3.193  3.193  3.734  3.734  3.734  3.734  3.193  2.499  0.109  0.109
  0.109 -0.229 -0.229 -0.229 -0.229  0.109  2.190  2.242  3.441  3.441
  3.441  3.441  2.667  2.667  2.680  2.667  1.273  1.273  1.273  1.385
  2.198  2.198  1.385  1.385  1.427  1.427  2.198  2.198  2.198  1.427
  1.813  2.874  2.987  3.384  3.384  3.589  3.384  1.952  1.952  1.952
  1.365  1.218  0.509  0.509 -1.936 -1.936 -1.936 -1.881 -1.881 -1.936
 -1.881 -1.625  0.249  0.879  0.879  0.879  0.879  0.879  1.305  0.964
  1.977  1.426  0.964  0.964  0.964  1.394  1.394  1.394  1.394 -0.609
 -0.609  0.186  0.321  0.321  0.186  0.157  0.157  0.186  0.321  0.321
  0.321  0.157  0.157  0.157  1.327 -0.333 -0.333 -0.650 -0.333 -0.333
 -0.333 -0.171 -0.048 -0.048  1.140  1.492  2.339  2.339  3.582  3.582
  2.339  2.339  2.193  2.193  2.193  1.181  0.313  0.204  0.204 -0.098
 -0.098 -0.442 -0.802 -1.215 -1.215 -1.215 -0.802 -0.802 -0.802 -0.617
 -0.102 -0.008 -0.008 -0.008 -0.617 -0.683 -0.876 -0.683 -0.876 -1.018
 -1.035 -1.437 -2.990 -4.747 -4.747 -4.747 -4.747 -4.747 -3.659 -3.517
 -3.429 -2.818  0.433  0.433  0.433  0.106  0.106  0.433  0.578  0.578
  1.916  1.916  1.916  0.936  0.936  0.936  0.933  0.482  0.482  0.482
 -0.667 -0.667 -0.667 -0.667 -0.667 -0.301 -0.959 -0.959 -0.959 -0.959
 -0.301  0.482  1.055  1.462  1.462  1.462  1.462  1.462  3.039  3.039
  3.039  2.072  2.072  3.039  3.359  3.570  3.570  2.072  2.957  2.957
  2.957  2.957  2.444  2.096  0.792  2.096  2.096  0.679 -0.901 -0.959
 -1.853 -0.959 -0.959 -0.901 -0.959 -0.959 -0.959 -0.481  0.020  2.874
  0.040  0.040  0.040  0.040  0.040  0.040  0.040 -0.011 -1.415 -1.415
 -1.415 -0.616 -0.616 -0.616 -0.616 -0.616 -0.616 -0.493 -0.616 -0.616
 -2.240 -2.240 -1.212 -1.212 -1.212 -1.212 -1.212 -0.733  1.593  1.965
  2.774  2.774  2.774  2.375  2.375  4.411  5.614  4.411  2.845  2.845
  5.614  5.614  5.614  2.845  1.931  1.931  1.931  3.801  3.726  2.326
  2.326  2.653  2.653  3.726  3.726  3.726  2.653  2.653  3.266  3.671
  3.671  3.671  3.266  3.145  3.145  3.145  2.294  2.237  1.326]
AV offset: 	0 
Min dist: 	10.612
Confidence: 	1.108
