Model syncnet/data/syncnet_v2.model loaded.
WARNING: Audio (22.7200s) and video (22.6800s) lengths are different.
Compute time 2.988 sec.
Framewise conf: 
[ 0.000  0.000  0.000  1.208  1.208  1.631  1.727  3.054  3.059  3.059
  3.059  3.059  3.059  3.969  3.059  2.929  2.688  2.688  2.688  2.688
  0.784 -0.141 -0.212 -1.785 -1.785 -1.785 -1.785 -1.785 -1.141 -1.141
 -1.042 -0.897 -0.897 -0.897 -1.042 -1.712 -1.712 -1.712 -1.145 -1.145
 -1.145 -0.351  0.487  1.074  1.309  1.309  1.919  1.919  1.309  1.074
  1.074  1.074  1.750 -0.133 -0.133 -0.729 -0.802 -0.133  0.508 -0.006
 -0.133 -0.133 -0.843 -0.843 -0.571 -0.006 -0.006 -0.006  0.701  0.701
  0.701  0.972  1.396  1.396  1.407  1.407  1.407  1.396  1.396  1.396
  1.119  1.119  1.407  2.270  2.046  2.046  2.075  2.437  4.477  4.477
  3.153  2.437  2.075  2.075  2.075  3.153  3.153  2.349  2.349  2.349
  2.349  2.349  3.331  3.331  2.349  1.742  0.722  0.722  1.284  1.284
  0.722  0.098  0.098  0.722  1.284  1.284 -0.372 -0.499 -0.903 -0.844
 -0.844 -0.844 -0.844 -0.844  0.823  1.180  1.180  1.180  1.180  1.180
  0.206  0.128  0.128  0.128  0.128  0.206  0.721  0.721  0.721  0.721
  0.721 -0.777 -0.777 -0.777 -1.304 -1.304 -0.777 -0.635 -0.289  0.024
  0.202  0.202  2.763  2.763  2.763  2.763  0.338  0.338  3.171  0.338
 -0.405 -0.405 -0.405 -0.766 -0.766 -0.092 -0.092 -0.092 -0.024  0.279
  0.926  1.820  2.468  2.468  2.468  0.926  0.458  0.458  0.926  0.458
  0.458  0.458  1.423  1.658  1.865  2.088  1.865  1.865  2.088  2.327
  2.871  3.257  3.257  2.871  2.327  2.327  1.244  0.743 -0.191 -0.191
 -0.191 -0.138  0.448  0.448  0.448  0.400  0.400  0.448  0.448  1.060
  1.060  0.400  0.017  0.017  1.241  1.587  1.587  1.241  0.017  0.053
  1.587  1.718  1.966  2.779  4.579  3.823  3.823  3.823  3.823  4.481
  4.481  3.823  3.569  3.569  3.569  3.569  3.569  3.569  3.216  2.303
  1.678  0.450 -1.031 -1.944 -2.180 -2.640 -2.673 -2.673 -2.673 -2.673
 -2.640 -2.416 -1.681 -0.841 -0.841 -0.180 -0.180 -0.180 -0.187 -0.841
 -0.870 -0.841 -0.870 -0.187 -0.261 -0.187 -0.187  0.804  2.006  2.357
  2.971  3.378  4.339  4.339  4.339  3.449  3.449  3.449  0.859  0.760
  0.760  0.760  0.760  0.859  1.517  1.517  1.557  2.428  2.428  2.428
  2.428  2.428  2.467  2.467  3.552  3.952  4.095  4.200  5.486  6.314
  6.314  6.314  6.314  5.507  5.507  5.507  1.870  1.640  1.430  1.430
  1.430  1.430  1.640  2.003  2.107  2.293  2.684  3.156  3.156  3.151
  3.151  3.151  3.151  2.004  0.989  0.989  0.989  0.989  0.989  1.898
  1.898  1.898  2.734  2.929  3.483  3.483  2.929  1.226  1.193  1.193
 -1.164 -1.164 -1.164 -1.194 -2.081 -2.081 -2.081 -0.660  0.364  0.697
  1.981  2.160  2.519  3.032  3.032  3.032  3.032  3.222  3.222  4.320
  3.301  5.206  3.301  3.301  3.301  3.301  2.112  0.914  0.914  0.914
  0.914  0.914  2.206  2.206  3.512  3.585  3.995  3.995  3.585  3.585
  2.667  2.314  2.314  2.132  1.829  1.187  1.187  1.187  1.187  1.187
  1.187  1.244  1.530  1.543  3.289  3.289  3.511  3.511  3.511  3.289
  2.262  2.262  2.262  2.262  2.785  2.785  2.975  2.975  3.508  3.508
  5.296  5.296  3.508  3.508  3.508  3.508  4.051  4.051  4.051  0.595
  0.595  1.753  1.753  0.595 -0.096 -0.096 -0.096 -0.096 -0.096  0.595
  0.595  0.595  1.040  1.928  1.928  2.376  4.313  4.313  4.313  3.120
  3.004  3.004  3.004  3.120  4.330  4.330  4.330  4.330  4.330  4.330
  4.330  4.052  3.337  3.230  2.363  1.906  1.595  1.906  1.906  1.595
  0.086 -0.545 -0.939 -0.939 -0.939 -0.939 -0.939 -0.939  0.443  3.139
  3.266  3.278  3.972  3.972  3.972  4.074  4.138  4.138  4.074  4.074
  4.138  4.138  4.100  3.421  2.894  1.518  1.064  0.766  0.652  0.165
 -0.260 -0.260 -0.260 -0.260 -0.260  0.738  0.738  2.020  2.374  2.976
  3.090  2.976  2.976  2.976  2.564  2.564  1.968  0.366 -1.543 -1.543
 -1.543 -1.543 -0.786  0.366  1.017  2.670  2.670  3.081  3.267  3.452
  3.081  3.081  3.081  1.932  0.426 -1.902 -3.120 -3.120 -3.120 -3.120
 -3.120 -2.756 -2.179 -1.803 -1.115 -1.115 -1.115 -0.758  0.219  0.219
  1.646  1.708  2.346  2.346  2.351  2.351  2.351  3.420  2.346  2.346
  3.420  3.420  2.789  2.789  3.954  3.980  3.980  4.026  4.026  3.980
  2.789  2.293]
AV offset: 	0 
Min dist: 	11.512
Confidence: 	1.565
