Model syncnet/data/syncnet_v2.model loaded.
WARNING: Audio (13.6960s) and video (13.6400s) lengths are different.
Compute time 2.473 sec.
Framewise conf: 
[ 3.373  4.052  4.187  5.724  5.724  5.724  5.396  5.396  6.068  8.223
  6.068  6.011  5.396  6.011  5.199  5.199  5.971  4.219  4.219  4.219
  5.528  5.528  4.245  4.245  4.245  4.245  4.245  4.245  2.390  2.390
  2.390  2.940  3.063  4.672  4.429  5.282  4.912  4.912  4.912  4.517
  4.517  4.912  4.912  5.282  6.441  8.801  8.976  9.094  9.094  10.271
  9.094  8.976  8.976  8.745  7.429  6.571  6.564  5.909  4.716  4.716
  4.179  3.352  3.352  3.352  3.352  3.352  3.725  4.049  4.049  4.354
  4.354  4.354  5.339  5.663  5.704  5.663  5.663  3.762  2.477  2.477
  0.397  0.330 -0.281 -0.281 -0.281 -0.281  0.304  0.330  1.334  1.597
  2.307  2.982  3.026  3.043  3.043  3.043  3.043  3.043  3.043  2.133
  0.379  0.379  0.379  0.379  0.379  2.497  2.497  2.497  2.497  2.497
  2.306  2.306  2.306  2.306  2.306  2.877  2.966  3.672  3.672  3.672
  3.991  3.457  3.457  3.115  3.115  3.115  2.957  2.604 -2.137 -2.137
 -2.137 -2.137 -2.137  1.162  1.162  2.133  3.680  4.394  4.394  3.680
  2.496  2.133  1.353  1.353  1.353  0.571  0.571  0.571  1.353  2.107
  2.821  2.821  3.823  4.883  4.883  4.832  3.823  2.821  2.821  3.684
  3.823  4.146  3.684  3.393  3.548  3.684  3.923  4.146  4.146  4.146
  4.374  5.704  5.704  6.172  7.269  7.269  6.172  5.704  4.354  4.346
  4.224  3.598  2.655  2.655  2.655  2.655  1.078 -0.335 -0.335  1.862
  1.862  2.744  2.744  2.744  1.862  2.744  3.910  5.179  5.179  6.115
  6.155  6.554  6.554  6.554  6.554  6.554  6.554  6.554  6.554  6.554
  9.413  9.413  9.413  9.413  9.413  8.757  7.462  6.267  6.215  6.215
  6.215  6.215  6.230  6.230  6.230  6.230  7.062  7.062  7.062  6.230
  6.118  6.118  5.583  6.118  6.789  6.118  6.118  5.583  4.731  4.731
  4.731  3.964  3.964  3.964  4.179  5.200  6.470  6.968  6.470  5.200
  5.200  5.200  6.968  7.111  7.111  6.968  6.823  6.823  6.823  6.823
  5.926  5.118  5.118  5.118  5.118  5.118  5.433  5.808  5.808  5.808
  6.422  6.422  5.433  5.152  4.648  4.648  4.517  4.517  4.648  4.648
  5.224  5.224  5.714  6.475  6.475  6.621  7.089  6.621  6.621  6.621
  6.621  6.351  6.196  6.196  6.196  6.196  6.196  6.075  6.075  3.575
  2.764  3.575  3.575  3.575  3.575  4.459  5.644  6.785  6.785  6.785
  6.785  5.758  5.758  4.821  4.821  4.821  4.821  5.744  5.744  5.744
  5.744  5.744  6.268  6.268  7.540  7.540  6.268  5.864  5.864  5.864
  8.147  9.006  5.864  4.752  4.497  0.000]
AV offset: 	-2 
Min dist: 	8.948
Confidence: 	4.581
