Model syncnet/data/syncnet_v2.model loaded.
WARNING: Audio (25.3440s) and video (25.3200s) lengths are different.
Compute time 3.344 sec.
Framewise conf: 
[ 3.269  5.398  5.398  6.568  6.851  7.188  7.191  7.426  7.191  6.851
  6.568  6.568  6.357  5.899  4.641  4.068  2.649  2.649  2.649  2.649
  1.861  1.861  2.649  2.882  4.969  4.969  4.969  3.921  3.787  3.921
  4.642  3.921  3.787  3.546  3.077  3.077  1.267  1.242  0.983  0.222
  0.222  0.222  0.222  0.222  1.535  2.694  3.403  3.595  4.021  4.021
  4.021  4.021  4.119  4.640  4.762  4.762  4.640  4.762  5.129  5.129
  4.762  4.144  3.147  2.966  2.966  2.364  0.656  0.520  0.264  0.264
  0.264  0.264  0.264  1.719  2.031  5.396  5.396  5.396  5.492  6.008
  6.069  6.069  6.069  6.069  6.042  6.042  6.042  6.042  2.346  2.346
  2.346  2.346  1.707  1.707  1.707  2.346  3.692  3.809  3.809  2.972
  2.972  4.196  5.707  5.707  4.196  3.176  3.176  3.176  3.176  3.176
  3.176  3.176  3.136  3.136  3.136  3.123  3.000  3.000  3.000  3.000
  3.000  3.000  2.625  1.984  2.371  2.625  3.386  3.386  3.386  2.625
  2.625  2.371  2.371  1.800  1.800  1.800  1.800  1.342  1.342  1.342
  1.342  1.342  1.342  1.342  1.342  1.342  1.325  1.787  2.533  2.932
  3.064  3.281  3.752  7.335  7.335  7.335  7.335  7.335  7.921  6.223
  5.420  1.550  1.474  1.474  1.474  1.550  1.550  1.550  1.550  3.137
  3.137  3.221  4.075  4.852  4.931  5.116  5.837  5.116  5.116  5.116
  5.116  5.116  5.116  3.239  3.239  3.239  4.475  4.475  4.475  4.896
  4.896  4.896  4.896  4.475  4.426  2.551 -1.030 -1.170 -1.170 -1.170
 -1.170 -1.030  0.047  0.177  0.576  0.760  1.651  1.998  2.173  2.173
  2.685  2.685  4.027  4.027  4.027  4.027  1.828 -1.398 -1.398 -1.398
 -1.398 -1.398 -0.795 -0.017  0.686  2.113  2.220  2.614  2.706  2.915
  3.465  3.895  4.813  4.823  5.476  5.476  5.476  5.476  5.476  5.200
  3.247  3.247  3.247  3.247  2.776  1.993  0.716  0.716  0.716  0.649
  0.223  0.077  0.077 -0.475 -0.475  0.223  0.223  0.527  0.527  0.758
  0.952  0.966  1.747  1.747  0.966  2.035  2.035  2.067  2.067  2.108
  2.108  2.108  2.895  2.895  2.895  2.895  3.266  3.296  3.266  3.266
  3.588  3.710  3.710  3.710  3.745  3.745  3.801  4.191  3.801  3.745
  3.620  3.620  3.620  2.677  2.677  2.572  2.489  2.489  2.489  1.949
 -1.630 -1.630 -1.630 -1.630 -1.630 -0.557  1.596  3.003  3.003  5.406
  5.606  7.185  7.185  7.185  6.641  5.606  1.101  1.101  1.101  1.101
  0.320  0.254  0.320  1.101  1.101  0.320  1.695  1.695  1.695  1.902
  2.238  2.238  1.935  1.935  2.238  2.827  2.827  2.827  2.827  1.935
  1.831  2.827  2.827  3.180  2.506  2.506  2.506  2.506  2.506  2.877
  2.877  3.219  3.219  3.574  3.659  3.659  3.659  3.659  3.659  3.654
  3.574  3.654  3.480  3.082  2.305  2.300  2.305  3.082  3.480  3.082
  1.523  0.208  0.208  0.291  0.291  0.208  0.208  0.208  0.291  1.820
  2.156  2.256  2.395  2.688  3.079  3.079  2.395  5.718  5.801  5.924
  5.896  5.801  5.718  5.718  5.718  5.718  5.896  4.954  4.781  4.605
  3.685  2.478  2.415  1.621  1.621  1.621  0.937  1.621  2.093  2.415
  2.418  2.418  2.418  2.418  2.418  3.693  4.017  4.017  4.073  3.693
  3.693  3.693  3.693  3.693  4.073  4.414  3.493  3.349  3.164  3.112
  2.826  2.146  2.146  1.817  1.817  1.446  1.205  1.138  1.138  1.446
  2.535  1.475  2.133  1.475  1.475  1.475  1.475  1.475  1.475  1.475
  2.133  0.633  0.633  0.633  2.061  2.571  2.061  0.633  0.633  0.633
  1.485  1.894  1.894  1.485  1.104  1.336  1.336  1.104  1.104  0.707
  0.707  0.780  1.104  0.780 -0.099 -0.099  0.780 -0.099  0.780  1.544
  1.544  1.544  1.588  4.762  4.762  4.762  4.762  4.762  3.487  3.290
  2.541  2.123  1.552  1.287  1.272  1.272  1.272  1.552  2.123  4.388
  4.542  4.787  4.787  4.787  4.542  4.542  4.023  4.023  3.412  3.172
  2.368  2.469  2.469  2.144  2.144  2.144  1.729  2.144  2.469  3.090
  5.103  5.326  5.326  5.103  5.103  5.103  4.967  4.771  4.771  4.771
  4.771  4.967  4.967  3.373  3.545  3.929  3.929  3.545  3.256  0.605
 -0.025 -0.613 -0.135 -0.135 -0.135 -0.135 -0.025  2.006  2.549  2.726
  2.726  2.726  2.726  2.726  1.909  1.909  1.909  1.567  1.391  0.621
  1.391  1.391  1.391  1.087 -0.004 -0.363 -0.363 -0.004  1.087  1.087
  1.087  1.315  3.155  3.155  3.155  3.155  4.125  4.125  4.616  4.437
  4.125  4.033  4.437  4.437  4.437  4.033  2.241  0.903  0.903  0.903
  2.063  0.903  0.736  0.736  0.399  0.399  0.384  0.384  0.384  0.384
  0.384  0.384  0.107  0.107  0.129  1.978  2.238  2.238  2.238  2.238
  4.594  4.594  4.594  4.594  4.594  3.385  3.385  3.385  3.385  3.385
  2.600  4.494  4.675  4.964  4.964  4.964  4.675  2.350]
AV offset: 	0 
Min dist: 	10.434
Confidence: 	2.705
