Model syncnet/data/syncnet_v2.model loaded.
WARNING: Audio (32.1280s) and video (32.0800s) lengths are different.
Compute time 3.886 sec.
Framewise conf: 
[-8.390 -8.390 -8.390 -8.390 -8.390 -7.945 -7.804 -6.475 -6.047 -5.682
 -5.014 -3.098 -0.236  1.447  1.568  1.568  1.568  1.568  1.447 -2.096
 -3.120 -3.120 -4.035 -4.258 -4.258 -4.232 -4.232 -4.678 -4.232 -4.232
 -4.678 -4.678 -4.678 -5.499 -5.499 -5.499 -5.499 -5.499 -3.222  0.137
  1.177  1.610  1.610  1.610  1.610  1.177  0.971  0.451 -0.421 -0.791
 -0.898 -1.197 -1.197 -1.197 -1.197 -1.258 -1.258 -2.047 -1.197 -0.989
 -0.985 -0.985 -0.985 -2.466 -2.466 -2.466 -0.943 -1.021 -2.466 -3.928
 -3.928 -3.928 -1.021 -0.689  2.618  2.901  2.901  2.901  2.901  2.901
  0.938 -0.152 -0.152 -0.387 -0.387 -0.387 -0.387 -0.387 -0.387 -1.414
 -2.697 -3.838 -4.833 -4.833 -4.833 -4.833 -4.833 -4.833 -4.833 -4.941
 -4.941 -4.726 -4.544 -4.544 -4.544 -4.544 -3.855 -2.968 -2.613 -2.000
 -1.290 -0.640 -0.561 -0.561 -0.640 -2.087 -2.087 -0.743 -2.087 -2.415
 -2.649 -3.316 -3.869 -3.905 -3.962 -6.053 -6.119 -6.119 -6.119 -6.119
 -6.119 -5.657 -5.214 -2.661 -2.661 -2.661 -2.661 -2.661 -4.396 -4.666
 -5.529 -5.529 -5.529 -5.724 -5.724 -5.529 -4.725 -4.725 -4.710 -3.829
 -3.573 -3.497 -3.182 -2.788 -0.170 -0.170 -0.170 -0.170 -0.170 -3.553
 -3.811 -3.811 -3.811 -3.811 -3.811 -3.811 -3.811 -3.811 -3.811 -3.982
 -4.285 -6.309 -6.309 -6.309 -6.443 -6.585 -6.585 -6.585 -6.482 -5.976
 -5.976 -6.482 -6.482 -5.976 -5.827 -5.505 -5.218 -3.035 -2.083 -2.083
 -2.083 -2.083 -2.083 -0.046 -0.046 -1.659 -3.354 -3.856 -3.856 -3.856
 -3.588 -3.588 -5.664 -5.834 -5.834 -7.384 -7.384 -7.079 -7.079 -7.079
 -7.079 -5.462 -4.438 -4.438 -4.438 -5.668 -4.014 -2.717 -4.014 -5.258
 -5.668 -5.716 -5.716 -5.258 -4.140 -4.495 -4.495 -4.140 -3.929  0.610
  1.134  1.574  2.972  2.972  2.972  2.972  2.972  1.607  0.856  0.676
 -1.195 -1.600 -1.645 -2.157 -2.179 -4.491 -2.179 -2.510 -3.964 -3.964
 -4.794 -5.474 -5.474 -5.474 -6.392 -6.392 -6.392 -6.392 -6.392  0.310
  0.310  0.310  0.310  0.310  0.093 -0.129 -2.263 -2.468 -3.770 -3.915
 -3.915 -4.158 -3.915 -3.915 -3.915 -3.383 -3.372 -2.962 -0.032  0.014
  0.628  1.169  1.169  1.177  1.492  2.361  2.705  3.480  4.368  4.397
  4.447  5.198  5.405  5.405  5.405  5.405  5.405  4.607  4.607  4.282
  2.554  1.771  1.771  2.279  2.279  2.554  2.279  2.279  2.279  2.279
  2.842  2.842  2.274  2.274  1.595  1.595  1.595  1.503  1.392  0.741
  0.741  1.392  1.819  3.170  1.819  1.573  1.573  1.573  2.213  2.213
  1.840  1.840  1.711  1.711  1.711  1.840  1.840  1.840  1.840  1.711
  0.945  0.863  0.764  0.839  0.839  0.839  0.839  0.839  0.882  0.941
  2.213  2.241  2.241  2.213  2.213  2.213  1.654  1.654  1.639  1.639
  1.639  1.639  1.646  1.830  1.830  1.978  3.143  3.143  3.143  3.143
  3.031  3.031  2.558  2.558  2.558  2.306  2.306  3.031  3.067  3.203
  3.067  3.067  3.067  2.160  3.067  3.067  2.160  1.862  1.649  1.649
  1.649  1.649  1.649  1.649  1.649  1.862  2.665  3.019  3.019  3.019
  3.110  3.110  3.110  3.587  3.110  3.110  2.882  2.882  2.882  2.836
  2.764  2.764  2.634  2.764  2.764  2.661  2.764  2.829  2.829  2.829
  2.711  2.711  2.661  2.257  2.257  2.257  2.257  2.592  2.592  2.997
  3.897  3.897  3.897  3.681  3.897  3.897  3.681  3.313  3.313  3.053
  3.041  3.041  3.030  2.770  3.029  3.030  3.030  3.030  3.029  2.770
  2.683  1.762  0.769  0.769  0.769  0.769  0.769  1.511  1.884  2.043
  2.169  3.449  3.449  3.449  2.043  3.449  3.449  3.110  3.110  3.060
  3.060  3.110  3.110  3.110  3.110  3.152  3.152  3.060  2.644  2.644
  2.644  3.152  3.856  4.390  4.604  4.604  4.604  4.773  4.773  4.773
  4.773  3.548  2.228  2.228  2.228  2.228  2.228  2.507  2.507  2.507
  2.507  2.507  1.025  0.758  0.542 -0.245 -0.366 -1.374 -0.366 -0.245
  0.542  0.542  0.955  1.470  1.470  1.470  1.470  1.470  1.168  1.168
  1.168  1.168  1.168  1.629  1.924  2.072  2.163  2.477  3.966  3.966
  3.966  2.477  1.924  2.477  1.766 -0.028 -0.028 -0.028  1.766  1.766
  1.766  1.766  1.766  3.050  4.727  3.331  3.050  3.331  3.331  3.792
  4.578  3.792  3.331  2.859  2.734  2.515  2.515  2.352  1.973  1.946
  1.973  2.352  2.512  2.515  3.246  2.771  2.771  2.771  3.246  3.246
  2.771  2.285  1.952  1.722  1.722  1.952  2.285  2.285  2.413  2.413
  2.728  2.823  3.016  3.099  3.226  3.226  3.099  3.099  3.099  2.767
  2.767  2.767  1.324  0.790  0.680  0.680  1.324  1.324  2.380  1.364
  1.324  1.364  2.380  2.433  3.008  3.116  3.008  3.116  3.190  3.190
  3.926  4.099  3.926  3.646  3.539  3.646  5.347  3.915  3.953  3.953
  3.915  3.915  3.915  3.915  1.377  1.377  1.377  1.176  1.176  1.176
  1.296  1.870  2.584  2.895  3.467  3.467  3.467  3.467  3.308  3.308
  3.206  3.121  2.821  2.605  2.458  1.942  1.879  1.507  1.507  1.879
  2.458  2.458  2.667  2.667  2.667  2.667  2.696  2.696  2.917  2.917
  2.917  3.359  3.359  3.359  3.359  3.359  3.543  1.844  0.396  0.396
  0.396  0.396  2.293  2.312  2.474  2.312  2.312  2.312  2.312  2.312
  2.474  2.238  1.019  1.019  1.358  1.358  2.238  3.200  3.200  3.200
  3.200  3.200  1.358  3.019  3.019  1.327  1.012  1.012  1.012  1.012
  1.827  1.827  1.309  1.309  1.309  1.309  1.309  1.014  0.247  0.226
  0.226  0.247  1.014  1.565  1.748  1.565  1.748  2.382  2.382  2.382
  2.526  1.748  1.379  0.744  1.379  1.379  0.744  0.744  1.065  1.065
  2.449  2.449  2.449  1.994  1.654  1.654  1.654  1.164  1.164  1.164
  1.654  1.654  2.792  3.060  3.060  3.060  3.060  2.792  2.368  2.317
  2.296  2.296  2.296  2.296  2.317  2.368  1.803  1.803  1.803  1.803
  1.803  1.803  3.473  1.076  1.076  2.735  3.114  3.609  3.681  3.609
  3.114  2.735  2.735  2.494  1.485  1.426 -0.116 -0.116 -0.116 -0.116
  0.691  1.426  1.969  1.969  1.969  1.969  1.874  2.158  2.158  2.158
  2.158  2.427  4.681  4.681  4.681  4.681  4.681]
AV offset: 	-5 
Min dist: 	10.081
Confidence: 	0.402
