Model syncnet/data/syncnet_v2.model loaded.
WARNING: Audio (18.8160s) and video (18.8000s) lengths are different.
Compute time 2.570 sec.
Framewise conf: 
[ 1.479  4.826  4.826  4.826  4.826  4.005  2.080  1.479  1.100  1.100
 -0.749  1.100  1.998  1.998  0.423  0.423  1.484  1.998  1.484  3.337
  3.967  1.815  2.245  2.620  2.620  2.245  1.815  1.815  1.815 -0.666
 -0.666 -0.666 -0.666 -0.640  2.438  2.438  2.438  2.438  2.438  2.438
  2.438  2.438  2.438  1.455  1.455  1.455  1.373  1.045  1.071  1.045
  0.956  0.956  0.956  0.956  0.465  0.452  0.391  0.391  0.391 -0.155
 -0.155 -0.155  0.452 -0.155 -0.490 -0.083 -0.083  2.708  2.762  2.708
  1.155  1.155  1.461  1.461  2.211  2.211  2.211  1.461  1.461  1.461
  1.190 -0.123 -0.146 -1.720 -1.720 -1.720 -0.302 -0.146 -0.123  0.233
  1.689  1.689  1.689  2.911  2.911  2.911  2.911  1.266  2.677  2.677
  2.911  2.911  2.677  2.677  2.677  2.677  2.677  2.630  2.630  2.270
  2.630  2.630  3.092  2.630  2.270  2.008  2.008  1.523  0.126 -1.576
 -1.646 -1.646 -1.646 -1.760 -1.646 -1.576 -1.262 -1.262 -1.262 -1.107
 -1.107 -0.407 -0.101 -0.101 -0.101  0.023  0.796  0.796  0.128  0.128
  0.128  0.796  0.796  0.796  0.128  0.128  2.935  3.492  3.492  1.139
 -0.610 -1.430 -1.430  1.139  1.139  1.139 -1.345 -1.552 -1.345  1.167
  1.479  1.861  1.479  1.479  1.479  1.479  1.479  1.479 -1.199 -1.594
 -2.818 -3.006 -3.006 -3.006 -3.006 -2.818 -1.145 -0.943 -0.311  0.141
  1.297  1.297  2.456  2.456  1.590  1.297  1.297  1.109  1.109  1.092
  0.401 -0.385 -0.385  0.401  0.806  0.806  0.806  0.800  0.806  0.976
  1.125  2.888  1.125  0.976  0.976  0.800  0.684 -2.227 -2.335 -2.335
 -2.364 -2.364 -2.364 -2.364 -2.364 -2.364 -2.364 -1.279 -2.406 -2.406
 -2.874 -2.874 -2.874 -2.278 -1.255 -1.255  0.302  1.746  1.926  1.926
  1.926  1.926  1.746  1.746  0.150 -0.830 -1.413 -1.413 -0.830  0.150
  0.150  0.150 -2.395 -2.905 -3.597 -3.597 -3.597 -3.597 -3.597 -3.597
  0.099  0.099  0.099  0.099  0.099  0.229  0.229  0.229 -0.509 -1.740
 -1.740 -2.988 -2.988 -3.786 -3.786 -3.786 -3.786 -3.786 -2.319 -0.602
  2.493  2.493  3.087  3.087  3.087  3.087  2.830  2.496  2.326  1.175
 -0.187 -0.653 -0.653 -0.653 -0.653 -0.653 -1.641 -1.641 -1.641 -1.641
 -2.020 -2.020 -2.020 -2.020 -2.020 -1.967  1.469  1.740  1.740  1.740
  1.469 -0.634 -0.634  1.469 -0.634 -0.634 -0.721 -1.022 -2.500 -0.721
 -0.105 -0.105 -0.721 -0.833 -1.313 -0.833 -0.105  0.632  1.286  1.796
  2.217  2.684  2.751  2.751  2.751  2.684  2.217  0.901  0.901 -0.184
 -0.376 -0.620 -0.620 -0.620 -0.620 -1.300 -1.300 -1.628 -2.054 -1.628
 -1.221 -1.221 -1.221 -1.221 -0.629  0.685  0.685  0.685  0.685  0.685
  1.904  1.904  1.904  1.904  1.904  1.904  1.904  2.195  2.195  2.195
  1.445  1.295  1.295  1.295  1.429  1.429  1.429  1.445  1.429  1.429
  1.429  1.429  2.092  2.092  2.933  2.933  2.933  3.509  3.509  3.790
  3.801  4.662  3.801  3.790  3.509  3.098  2.007  2.007  1.903  1.903
  1.903  0.762  0.762  0.762  0.762  1.903  1.903  3.417  3.417  0.330
  0.330  0.330  0.330  0.093  0.093  0.023  0.023  0.023  0.023  1.304
  1.335  1.335  1.335  1.335  1.335 -2.297 -2.299 -2.299 -2.299 -2.299
 -2.299 -0.759  2.598  2.598  3.235  3.235  3.235  3.180  3.180  3.180
  2.855  2.855  2.855  2.417  2.417  2.417  2.616  0.404  0.404  2.329
  2.329  2.616  3.143  3.143  3.143  2.719  3.143  2.719  3.245  4.106
  3.245  3.245  4.265  4.265  5.774  5.940  6.218  6.218  6.218  6.699
  6.892  6.218  6.064  6.064  3.270]
AV offset: 	-1 
Min dist: 	12.335
Confidence: 	0.931
