Model syncnet/data/syncnet_v2.model loaded.
WARNING: Audio (6.7840s) and video (6.7600s) lengths are different.
Compute time 1.857 sec.
Framewise conf: 
[ 0.000  0.000  0.000 -0.357 -1.815 -1.903 -1.903 -1.903 -1.815 -1.815
 -1.815 -1.815 -1.931 -2.148 -2.148 -2.657 -3.113 -4.037 -4.037 -4.037
 -3.990 -3.990 -3.990 -3.398 -3.398 -2.864 -2.564 -2.564 -2.564 -2.564
 -2.564 -1.831 -1.110 -0.843 -0.843 -1.110 -1.110 -1.508 -1.508 -0.128
  0.544  0.544  0.544  0.544  0.609  0.609  0.609  0.544  0.242 -0.402
 -1.880 -1.925 -2.424 -2.645 -3.602 -2.682 -4.716 -4.742 -5.070 -5.752
 -5.752 -4.742 -4.716 -4.163 -4.163 -3.195 -2.116 -2.116 -2.116 -2.047
 -2.707 -2.707 -2.047 -2.014 -2.047 -2.707 -2.452 -2.014 -1.938 -1.597
 -1.938 -2.452 -3.083 -2.452 -1.985 -1.725 -1.725 -1.985 -1.985 -1.985
 -1.725 -0.503 -0.503 -0.277 -0.277  0.083  1.249  1.249  1.249  1.249
  1.820  2.639  2.639  2.415  1.820  1.079  0.014  0.533  0.368  0.368
  0.368  0.368  0.533  3.085  4.303  4.410  4.410  4.410  4.410  4.158
  4.487  4.487  4.487  4.487  4.487  5.795  7.325  7.325  7.325  7.325
  7.325  6.865  6.677  6.677  6.677  6.623  6.677  6.724  6.729  6.729
  6.729  6.855  7.179  7.179  7.179  7.179  6.951  6.741  6.741  4.359
  3.629  3.262  2.412  1.785  1.694  1.694  1.694  1.694  1.785  2.370
  2.370  2.370  2.370  2.370]
AV offset: 	-11 
Min dist: 	11.668
Confidence: 	0.538
