Model syncnet/data/syncnet_v2.model loaded.
WARNING: Audio (31.3600s) and video (31.3200s) lengths are different.
Compute time 4.147 sec.
Framewise conf: 
[-3.223 -3.840 -3.840 -3.840 -4.431 -4.624 -4.431 -3.840 -3.524 -2.859
 -2.836 -2.836 -2.276 -2.276 -2.276 -2.276 -2.910 -2.093 -2.548 -2.647
 -2.647 -2.647 -2.647 -2.647 -2.632 -2.619 -2.619 -2.619 -1.835  1.917
  2.892  3.380  3.796  4.038  4.038  4.038  4.038  4.038  3.363  0.404
 -1.087 -1.475 -1.475 -1.475 -1.475 -1.475 -1.592 -3.194 -3.194 -3.194
 -3.194 -3.429 -3.436 -3.436 -3.436 -3.429 -3.684 -4.112 -4.112 -4.112
 -4.112 -4.014 -4.778 -4.778 -4.778 -4.778 -4.753 -4.014 -1.244 -0.855
 -0.738 -0.738 -0.738 -0.855 -1.116 -1.244 -3.087 -3.087 -3.087 -3.087
 -3.087 -0.228 -0.228 -0.228 -0.228 -0.228 -0.865 -0.930 -0.963 -1.237
 -1.288 -1.916 -1.921 -2.261 -2.884 -2.884 -2.884 -2.884 -2.884 -3.025
 -3.025 -3.025 -3.025 -3.049 -3.786 -3.956 -3.976 -3.976 -3.976 -3.786
 -3.049 -2.871 -1.737 -1.461 -1.386 -1.386 -1.386 -1.386 -1.461 -2.239
 -3.654 -3.855 -4.274 -4.274 -3.855 -3.855 -3.193 -3.193 -2.743 -2.610
 -2.560 -1.818 -1.235 -0.400 -0.568 -0.400 -0.274  0.017  0.464  0.399
  0.019  0.019  0.019  0.399  0.599  1.412  2.508  2.273  2.508  2.913
  2.913  2.913  2.508  2.273 -1.370 -1.822 -1.822 -2.083 -2.159 -2.473
 -2.473 -2.473 -2.473 -2.868 -2.868 -2.868 -2.868 -3.510 -3.510 -2.950
 -2.868 -1.779 -0.639 -0.639 -0.639 -0.639 -0.639 -0.639 -0.639 -0.639
 -2.882 -4.222 -4.434 -5.271 -5.271 -5.271 -4.434 -4.222 -3.883 -3.883
 -3.199 -2.724 -2.724 -2.724 -2.866 -2.866 -2.866 -2.727 -2.727 -2.727
 -2.727 -2.606 -1.479 -1.179  0.568  0.588  5.289  6.820  6.820  6.820
  6.889  8.148  8.148  6.820  6.813  6.481  0.242 -4.060 -4.060 -4.287
 -4.824 -4.826 -4.824 -4.826 -4.826 -4.404 -4.404 -4.404 -4.404 -4.386
 -1.596 -1.596 -0.282 -0.076 -0.076 -0.076 -0.076 -1.737 -1.737 -1.737
 -0.545 -1.737 -2.054 -2.593 -2.593 -2.054 -1.218 -1.218 -1.218 -2.054
 -2.593 -1.989 -1.218 -1.218 -1.483 -1.483 -1.483 -1.989 -1.483 -1.483
 -1.483 -1.532 -1.532 -2.057 -2.315 -2.381 -3.220 -4.018 -4.018 -4.018
 -4.018 -4.018 -4.086 -3.907 -3.261 -2.957 -2.525 -1.850 -2.525 -2.957
 -3.287 -3.287 -3.287 -3.564 -3.624 -4.206 -4.473 -4.554 -4.554 -4.554
 -4.206 -4.206 -4.184 -3.796 -3.764 -1.643 -1.241 -1.053 -0.487 -1.053
  0.310  2.738  2.738  1.991  1.815  0.875  0.875  0.875  0.875 -0.858
 -0.858 -0.858 -0.858 -0.858  0.151  1.108  1.630  3.307  3.557  3.597
  4.242  5.010  5.299  6.298  6.716  8.292  8.752  8.752  8.752  8.752
  8.752  8.012  6.426  4.615  3.548  3.296  3.296  3.278  2.564  1.892
  1.622  0.262  0.262 -0.002 -0.521 -0.553 -1.044 -1.938 -1.938 -1.938
 -3.477 -3.477 -3.477 -3.477 -3.477 -3.056 -1.205 -1.118 -0.965 -0.965
 -0.965 -0.965 -0.965 -0.560  0.879  0.879 -0.560 -1.361 -1.872 -1.872
 -1.872 -1.872 -1.872 -1.872  0.275  0.322  0.322  0.322  0.777  0.322
  0.322 -0.446 -1.261 -1.261 -1.261 -1.261 -1.261 -1.261 -0.893 -0.495
 -0.440 -0.440 -0.495 -0.495 -0.495 -0.440 -0.736 -0.940 -0.940 -1.251
 -1.251 -0.940 -0.736 -0.419 -0.736 -0.989 -0.989 -0.989 -0.690 -0.431
 -0.431 -0.431 -0.431 -0.228  2.056  3.877  4.085  4.085  4.085  4.085
  3.877  2.343  1.006  0.504  0.504  0.504  0.504  0.469  0.469  0.469
  0.469  0.469  0.233  0.200 -0.319 -0.381 -0.421 -0.421 -0.421 -0.381
 -0.381  1.104  3.447  4.455  4.455  4.455  4.511  5.089  4.511  4.455
  4.246  4.147  1.885  1.411  1.050  0.963  0.568  0.394  0.394 -0.021
 -0.495 -0.861 -1.245 -1.245 -1.245 -0.495  0.770 -0.394 -0.394 -0.394
 -0.394 -0.394 -0.394 -2.378 -2.596 -3.324 -3.324 -2.850 -2.596 -2.378
  1.417  1.417  2.502  2.502  2.502  2.857  3.411  3.793  3.793  3.793
  2.857  2.857  2.857  2.857  1.544  1.544 -0.104 -0.104 -0.104 -0.104
  0.880  1.399  1.513  1.951  1.951  3.189  3.189  3.189  3.189  3.189
  2.392  0.993 -0.213 -0.213 -0.262 -0.964 -1.155 -1.786 -1.155 -0.964
 -1.033 -1.033 -1.033 -0.432 -0.161  0.185  1.599  1.644  1.910  1.910
  1.910  1.910  1.644  1.644  1.428  1.051  0.642  0.642  0.642  0.642
  1.229  2.446  4.277  5.342  5.529  5.829  5.829  5.829  6.462  6.462
  6.462  6.179  4.694  4.351  3.695  3.017  3.017  1.794  1.232 -0.134
  0.130  0.650  0.650  0.650  0.531  0.531  0.531  0.531  0.531  0.531
 -0.511 -1.365 -1.365 -1.365 -1.365 -1.365 -0.932 -0.932 -0.835 -0.317
 -0.317 -0.835 -0.932 -1.496 -1.548 -1.548 -1.548 -1.548 -1.548 -1.548
 -1.548 -1.496 -1.196 -1.055 -0.953 -0.953 -1.196 -1.957 -1.196 -0.813
 -0.233 -0.049 -0.049  0.581  1.148  1.148  1.148  1.148  1.148  0.408
  0.258 -1.286 -1.286 -1.368 -1.286 -1.286 -1.286 -0.378 -0.378 -0.378
 -0.289  0.806  1.213  1.213  2.258  2.258  3.010  3.391  5.037  5.756
  5.803  6.022  6.272  6.361  6.361  6.472  6.472  6.472  6.472  6.361
  5.195  1.995  0.052 -0.714 -0.714 -0.714 -1.380 -1.380 -0.714 -0.714
 -0.714 -0.714 -0.689 -0.689  0.055  0.055  0.055  0.695  0.695  0.695
  0.695 -1.551 -1.551 -1.551 -0.841 -0.841 -0.841  2.005  2.005  2.005
  2.054  2.583  3.123  3.123  3.553  5.665  5.665  5.665  5.665  5.665
  5.335  3.665  2.239  1.612  0.465 -0.631 -0.677 -0.677 -0.908 -1.776
 -1.776 -1.776 -0.710 -0.677 -0.677  1.944  4.321  4.480  5.641  5.668
  6.048  6.048  5.641  5.641  5.929  5.929  5.929  5.603  5.504  3.063
  2.691  2.401  2.094  1.712  1.377 -0.731 -1.013 -1.013 -1.013 -2.277
 -2.823 -2.823 -2.277 -2.277 -2.234 -1.697 -1.697 -1.697 -1.094 -0.035
  2.659  4.608  5.058  5.058  5.058  5.058  6.590  5.058  5.058  5.058
  5.058  5.993  5.993  5.993  5.993  5.887  5.887  4.855  4.141  3.739
  3.739  3.739  3.739  3.739  4.280  4.280  4.280  4.280  4.280  4.280
  5.343  5.343  5.343  6.559  6.564  6.565  6.566  6.570  6.570  6.570
  6.570  6.571  6.571  6.571  6.571  6.571  6.571  6.569]
AV offset: 	-12 
Min dist: 	11.972
Confidence: 	0.257
