Model syncnet/data/syncnet_v2.model loaded.
WARNING: Audio (24.3840s) and video (24.3200s) lengths are different.
Compute time 3.108 sec.
Framewise conf: 
[-1.862 -2.177 -2.542 -2.875 -4.127 -4.127 -4.127 -4.127 -4.380 -5.960
 -4.475 -4.380 -4.035 -4.035 -4.380 -4.475 -4.475 -4.475 -4.475 -4.668
 -4.668 -4.668 -4.136 -3.839 -3.543 -3.543 -3.543 -3.543 -3.543 -3.543
 -3.561 -3.789 -3.789 -3.789 -3.789 -3.884 -3.884 -3.884 -3.884 -4.121
 -3.884 -4.121 -5.112 -5.146 -6.088 -6.110 -6.110 -6.121 -6.421 -6.482
 -6.482 -6.482 -6.482 -6.121 -6.121 -6.121 -5.993 -5.559 -5.559 -4.661
 -4.661 -4.661 -4.142 -5.553 -5.553 -5.553 -4.735 -4.142 -4.735 -4.735
 -4.735 -4.739 -4.739 -5.150 -5.150 -5.236 -5.673 -5.673 -5.236 -5.150
 -4.544 -4.544 -4.544 -4.544 -3.700 -3.586 -3.700 -4.544 -5.569 -6.016
 -6.016 -5.707 -5.895 -5.895 -5.895 -5.895 -5.895 -5.707 -5.627 -5.618
 -5.346 -5.346 -5.618 -5.618 -5.618 -5.346 -5.346 -5.346 -4.775 -5.834
 -5.834 -5.834 -6.005 -6.005 -6.005 -5.834 -4.259 -4.259 -4.259 -4.259
 -3.513 -3.513 -4.259 -4.589 -4.757 -4.757 -4.811 -4.757 -4.749 -4.749
 -4.589 -3.655 -2.862 -1.308 -0.727 -0.146  2.040  2.568  2.568  2.568
  2.568  2.568 -1.273 -1.483 -1.567 -2.144 -2.668 -2.682 -3.162 -4.208
 -4.834 -5.331 -5.391 -5.391 -5.579 -5.579 -5.579 -5.579 -5.579 -5.340
 -4.506 -4.381 -4.381 -4.381 -4.381 -4.607 -4.824 -4.824 -4.607 -4.607
 -4.607 -4.310 -3.260  0.073  0.073  0.073  0.073  0.073  0.486  0.486
  0.486  0.486  5.251  5.817  5.982  6.614  7.126  7.589  7.922  7.922
  7.921  7.589  7.126  6.625  6.625  5.004  3.526  3.526  3.175  2.900
  1.671 -0.080 -2.360 -2.360 -2.360 -2.769 -2.970 -3.959 -3.959 -4.013
 -4.013 -4.013 -4.013 -4.013 -3.796 -1.546 -0.254  0.242  0.324  0.324
  0.324  0.242 -1.504 -1.504  2.387  2.395  2.395 -1.504  0.397  0.397
  2.395  3.429  2.395  1.654  1.528  1.528  1.654  1.865  1.865  1.654
  1.528  1.468  1.041  0.872 -0.186 -1.437 -1.437 -1.659 -2.219 -2.219
 -2.098 -1.659 -1.437  0.544  1.176  1.516  1.516  1.516  1.516  1.516
  0.732 -2.431 -2.431 -2.431 -2.431 -2.431 -1.679 -0.890  0.151  0.151
  0.151  0.151 -0.890 -0.890  0.159 -0.281 -1.729 -1.963 -1.963 -1.963
 -1.963 -1.729 -1.729 -1.729 -1.729 -1.514 -0.536 -0.536 -0.536 -0.536
 -0.967 -1.514 -2.077 -2.635 -2.946 -2.946 -2.946 -2.946 -3.208 -3.470
 -4.200 -3.208 -2.572 -2.166 -2.572 -2.572 -2.572 -2.131 -1.717 -1.073
 -0.922 -0.571 -0.571 -0.571 -0.571 -0.922 -2.448 -3.820 -4.097 -5.099
 -5.354 -5.354 -5.291 -5.099 -5.291 -6.077 -6.077 -6.077 -6.361 -6.626
 -6.953 -7.767 -8.214 -8.214 -8.214 -8.214 -7.767 -6.626 -4.779 -4.129
 -3.352 -1.857 -1.454 -0.662 -0.312 -0.312  0.700  1.320  0.953  0.953
  0.953  0.953  0.953  0.824  0.824 -0.023 -0.532 -0.532 -0.532 -1.330
 -1.339 -1.339 -0.532 -0.532 -0.532 -1.883 -1.883 -1.883 -1.282 -1.243
 -1.243 -1.282 -1.243 -0.688 -0.656 -0.656 -0.656 -0.688 -0.688 -0.270
  2.047  2.047  2.047  2.047  3.184  3.184  3.289  3.283  3.289  3.485
  3.485  3.289  3.289  3.283  3.283  2.799  2.090  1.307  1.298  1.298
  1.200 -1.330 -1.383 -1.753 -1.753 -1.753 -1.753 -1.753 -1.753 -0.983
 -0.981 -0.765 -0.558 -0.034 -0.034 -0.034 -0.034  0.398  0.398  0.398
  0.329  0.329  0.398  1.367  2.422  3.502  4.480  4.534  4.611  5.364
  5.680  5.680  5.680  6.063  6.809  6.809  6.063  5.680  5.374  4.948
  4.948  5.462  4.948  4.936  4.771  4.771  4.771  4.771  4.361  4.361
  4.125  4.125  4.125  5.073  5.929  5.929  5.929  5.929  4.654  5.345
  5.345  4.654  4.253  3.981  2.335  2.335  2.237  2.237  2.237  2.237
  3.981  4.498  6.149  6.149  6.228  6.228  7.042  7.042  7.042  6.791
  6.791  6.791  7.380  7.380  8.548  8.548  8.922  8.922  8.922  8.922
  8.922  8.922  8.922  8.689  8.689  8.665  8.689  8.922  8.963  8.963
  8.963  8.924  8.963  8.924  8.963  8.924  8.765  8.404  8.500  8.765
  8.521  8.521  8.765  8.555  8.555  8.827  8.893  8.893  8.893  9.089
  9.067  9.067  9.067  9.067  9.096  9.096  9.101  9.103  9.101  9.101
  9.101  9.101  9.103  9.103  9.103  9.103  9.263  9.409  9.409  9.409
  9.409  9.409  8.911  8.588  8.588  8.470  8.470  8.357  8.470  8.588
  8.588  8.776  9.046  9.051  9.051  9.051  9.051  9.051  8.689  9.235
  9.249  9.382  9.382  9.382  9.386  9.386  9.386  9.386  9.273  8.569
  8.330  6.101  6.062  6.062  5.376  5.376  5.376  5.376  5.535  6.173
  6.550  6.559  7.480  7.493  7.503  7.503  7.503  7.527  7.493  7.493
  5.367  5.224  5.094  5.094  5.224  5.224  5.224  5.586  5.586  5.586
  5.586  5.586  3.195]
AV offset: 	-1 
Min dist: 	11.529
Confidence: 	0.662
