Model syncnet/data/syncnet_v2.model loaded.
WARNING: Audio (20.6720s) and video (20.6000s) lengths are different.
Compute time 2.773 sec.
Framewise conf: 
[ 0.000  0.000  0.647  0.647  0.647 -0.787 -0.775  0.490  0.490  0.490
  0.490  0.490  5.875  6.047  6.357  6.357  6.357  7.953  7.999  7.999
  8.082  8.645  8.645  8.645  9.103  9.103  8.645  8.607  7.442  6.363
  5.853  5.853  3.734  2.714  2.714  2.380  2.714  2.714  3.734  5.241
  7.058  7.358  7.358  7.058  7.058  7.058  5.839  5.839  5.839  5.839
  5.839  3.537  2.792  2.792  2.792  2.792  0.547 -0.906 -1.807 -2.186
 -2.186 -2.186 -1.807 -0.906  1.004  1.070  1.090  1.090  1.090  1.537
  1.537  1.945  1.945  1.945  1.945  1.945  1.945  1.945  2.118  2.118
  2.118  2.118  2.118  4.214  8.139  8.926  8.926  8.926  8.926  8.139
  5.533  5.010  4.184  4.184  4.184  4.184  4.184  4.325  5.325  6.246
  6.246  6.246  6.246  7.202  7.138  6.098  6.098  6.098  5.123  4.197
  4.197  4.197  3.606  3.606  3.606  5.020  6.372  6.669  6.840  6.669
  6.669  6.840  7.336  7.336  7.336  6.898  7.336  7.336  7.434  7.769
  7.566  7.566  7.769  8.177  8.177  7.769  7.566  7.266  7.266  7.266
  7.266  5.521  4.118  4.118  4.118  4.677  7.601  7.389  6.532  7.137
  7.137  7.137  7.137  7.119  6.532  6.511  6.511  6.511  6.511  6.511
  6.511  6.511  5.664  5.349  6.530  6.530  6.530  6.530  5.349  6.530
  6.871  6.871  6.871  6.871  6.871  7.053  7.053  7.319  7.319  6.789
  6.789  8.169  8.169  8.169  8.169  8.169  6.857  6.960  6.960  6.960
  6.857  6.857  6.857  6.857  6.732  6.483  6.483  6.732  6.794  6.794
  6.794  4.829  4.804  4.804  4.804  4.471  4.379  4.379  2.860  2.662
  2.110  0.883  0.883  2.110  2.662  2.110  1.400  1.400  4.049  4.492
  4.579  5.198  7.705  10.650  10.650  10.650  10.650  9.703  9.703  9.703
  8.951  7.829  7.738  7.738  7.738  7.188  6.703  6.557  5.939  5.499
  5.499  2.841  1.850  1.850  1.850  1.850  1.850  6.200  6.200  6.200
  6.337  7.302  7.375  8.072  7.375  8.072  8.072  8.072  8.072  7.375
  7.375  7.078  4.764  4.745  4.513  4.513  4.745  4.764  6.662  4.764
  6.662  7.922  7.922  7.922  6.662  4.158  3.885  3.004  2.979  1.818
  1.150  1.150  1.150  1.818  1.818  1.818  1.993  3.108  3.559  4.297
  4.860  4.860  5.424  5.424  6.176  6.176  6.192  6.375  6.375  6.375
  6.375  6.375  6.375  6.192  6.192  6.783  3.498  3.498  3.498  2.389
  2.389  4.996  4.996  4.996  4.996  5.042  4.996  3.729  5.433  3.729
  3.729  4.909  5.601  5.601  5.601  6.393  6.747  8.163  8.163  8.163
  8.163  8.163  7.786  7.460  7.460  7.460  6.960  6.960  6.960  6.960
  6.960  5.735  4.062  4.062  4.062  4.062  4.004  4.004  4.130  4.501
  4.501  5.994  5.994  5.994  5.812  5.812  5.812  5.812  4.803  4.803
  4.803  4.803  5.858  5.858  7.277  7.277  5.858  5.858  6.648  5.282
  5.282  5.240  4.331  4.331  4.331  6.648  6.663  6.879  7.046  7.046
  7.046  7.046  7.046  6.879  6.460  6.460  6.308  6.267  5.586  5.586
  5.586  5.403  4.363  1.553  1.553  1.553  1.553  1.553  1.892  7.805
  7.987  7.995  7.995  7.995  7.995  7.805  7.370  6.653  5.458  5.458
  5.458  6.653  5.458  5.458  4.485  5.553  5.732  5.732  5.553  4.485
  4.267  4.267  4.040  4.040  4.040  4.040  4.267  4.040  3.711  2.988
  4.242  4.242  4.083  4.083  4.083  4.083  4.129  4.242  4.534  4.725
  6.070  8.815  10.021  10.021  10.021  10.021  10.021  9.392  6.765
  5.275  5.275  4.684  4.097  4.097  4.684  4.684  4.097  4.097  3.776
  3.652  2.196  2.196  2.196  2.196  3.525  5.318  4.068  4.068  4.068
  4.068  4.068  3.151  3.115  2.711  2.711  2.436  2.436  2.436  2.436
  2.877  2.877  2.877  4.401  4.401  4.761  5.054  5.538  5.538  5.726
  5.538  6.000  6.610  6.681  6.681  6.681  6.927  7.020  7.181  7.181
  7.181  7.096  7.091  7.091  7.091  7.091  7.091  6.784  6.705  6.266
  6.193]
AV offset: 	-2 
Min dist: 	8.486
Confidence: 	5.275
