Model syncnet/data/syncnet_v2.model loaded.
WARNING: Audio (20.0320s) and video (19.9600s) lengths are different.
Compute time 2.984 sec.
Framewise conf: 
[ 0.000  0.000  0.000  0.000 -0.643 -0.643 -0.643 -0.643 -0.643  0.177
  0.626  2.307  2.307  2.307  0.893  0.893  1.966  0.893 -0.269 -0.275
 -0.275 -0.275 -0.275 -0.387 -0.591 -0.591 -0.387 -0.186  0.979 -0.186
 -0.637 -1.436 -1.436  0.979  0.979  0.979  0.979  1.940  1.940  1.940
  1.940  1.940  1.940  1.940  1.487  1.487  1.487  1.555  2.129  2.417
  3.284  3.599  4.300  4.300  4.911  4.911  5.460  5.460  4.911  4.670
  3.844  3.299  3.844  3.299  3.211  3.133  1.676  0.475  0.630  0.630
  0.630  0.630  0.475  0.630  0.630  0.997  1.091  1.091  1.091  1.091
  0.997  0.997  0.564  1.122  1.122  0.571  0.571  0.564  0.320 -1.650
 -1.650 -1.650 -1.650 -1.650 -2.968 -3.614 -3.614 -1.210 -1.008 -1.008
 -1.008 -1.983 -1.983 -1.273 -0.739 -1.273 -1.983 -1.983 -1.815 -1.273
 -0.739 -0.739 -0.739  1.265  1.265  1.265  1.265  1.224  1.224  1.224
  1.224  1.224  0.459  0.459  0.100  0.100 -0.999 -1.759 -1.759 -1.759
 -1.759 -1.783 -1.783 -1.527 -0.239 -0.239 -0.239 -1.527 -1.859 -2.408
 -1.859 -1.859 -1.859 -1.859  0.903  1.706  3.113  3.479  3.479  3.479
  3.153  3.153  3.153  3.153  3.479  3.153  2.902  2.902  2.524  2.358
  1.725  1.703  1.703  1.703  1.703  1.725  1.725  1.725  1.725  1.619
  0.385  0.385  0.083 -1.016 -1.311 -1.479 -1.311 -1.311 -2.651 -2.651
 -2.651 -2.651 -2.535 -1.197 -0.595  1.283  1.496  1.496  1.496  1.496
  1.496  1.496  1.283 -1.215 -1.215 -1.215 -0.840 -0.179  0.005 -0.114
 -0.179 -0.179 -0.179 -0.179 -0.347 -2.512 -2.512 -2.746 -3.267 -3.267
 -2.746 -2.746 -2.746 -2.207 -2.207 -3.973 -3.973 -3.973 -2.207 -2.207
 -2.207 -2.207 -1.987  0.867  2.002  3.309  3.309  3.802  4.353  4.508
  4.508  4.508  3.309  2.503  2.419  1.967  1.112  0.611 -0.473 -0.531
 -0.531 -0.624 -0.624 -0.624 -0.531 -0.531  0.006  0.141  1.775  1.775
  1.775  1.151  2.169  3.487  3.487  3.693  3.693  3.693  3.856  3.856
  3.856  4.104  4.104  4.104  2.493  2.208  1.979  1.979  1.979  1.979
  1.964  0.959  0.959  1.747  1.964  1.747  0.959  0.446  0.299  0.959
  1.747  1.306  0.299 -0.302  0.128  0.128  0.299  1.306  1.306  1.298
  0.128  0.128  1.298  1.435  1.435  1.298 -0.563 -0.563 -0.563 -0.112
 -0.112 -0.563 -1.362 -0.563 -0.340 -0.112 -0.112  0.786  1.410  2.749
  2.749  2.749  2.749  1.410  1.410  1.410  2.038 -0.058 -0.171 -0.171
 -0.058  0.124  0.912  0.912  0.912  0.912  0.912  0.912  0.912  1.123
  1.123  0.592  0.485 -0.534 -0.534 -0.534  0.485  0.737  0.485  0.485
  0.737  0.737  1.358  2.233  1.358 -0.232 -1.937 -0.232  1.358  0.803
  0.803 -2.157 -2.196 -2.157  0.803  0.803  0.803  0.803  3.112  3.112
  3.112  3.294  3.306  3.548  4.122  4.106  3.996  3.996  3.996  3.996
  3.996  3.996  3.782  3.782  1.715  1.710  0.374  0.374  0.374  0.374
 -2.336 -2.368 -2.891 -2.891 -2.891 -2.891 -2.336 -1.554  0.089  0.376
  2.574  2.574  2.574  2.574  2.559  2.256  2.559  2.559  2.559  2.256
  1.471 -1.245 -1.352 -1.352 -1.488 -1.488 -1.488 -1.488 -1.488 -1.171
 -0.621 -0.621  0.314  0.651  0.941  0.941  2.721  4.983  5.372  5.930
  6.818  6.818  6.290  6.290  6.527  6.527  6.981  6.981  6.981  6.981
  6.981  6.981  6.981  7.274  7.551  7.274  7.008  6.785  6.691  6.180
  6.180  6.261  6.215  6.180  5.667  5.306  5.306  5.667  6.161  6.161
  4.610  4.610  5.073  5.432  5.432  5.073  5.073  5.073  5.320  5.432
  5.663  5.915  5.915  6.237  6.237  6.237  5.915  5.663  5.880  5.264
  5.264  5.264  5.226  5.264  5.426  5.426  5.426  5.264  5.226  5.226
  5.226  5.263  5.183  4.213  4.213  4.506  5.122  5.263  5.263  5.263
  5.122  5.122  5.122  5.122]
AV offset: 	-3 
Min dist: 	10.281
Confidence: 	1.402
