Model syncnet/data/syncnet_v2.model loaded.
WARNING: Audio (20.7360s) and video (20.6800s) lengths are different.
Compute time 3.128 sec.
Framewise conf: 
[ 0.000  0.113  0.113  0.113  0.113 -1.529 -1.827 -1.879 -2.143 -2.143
 -2.143 -2.245 -2.549 -2.549 -2.549 -2.245 -2.143 -0.360 -0.360 -0.360
  2.449  2.612  2.612  2.612  2.612  2.612  1.887  1.709  1.460  1.429
  0.748 -0.370 -0.763 -1.203 -1.203 -1.203 -1.203 -1.203 -0.845  1.891
  3.878  3.878  3.878  3.878  3.878  1.671 -0.090 -1.201 -2.757 -2.757
 -2.757 -2.757 -2.757 -1.880 -1.880 -1.880  0.122  1.145  1.749  3.591
  1.145  1.145  1.145  1.350  1.411  3.591  3.936  3.936  1.411  1.411
  1.350  1.142  0.209 -0.425 -0.425 -0.425  0.209  0.209  0.209  0.209
 -0.425 -1.254 -1.280 -2.716 -2.759 -2.759 -2.784 -2.840 -2.885 -2.840
 -2.840 -2.716 -1.969 -1.703 -1.703 -0.766 -0.766  0.253  0.850  1.618
  2.504  5.708  7.901  7.901  7.901  7.985  8.107  8.107  7.985  7.985
  7.879  7.664  7.508  7.080  6.123  5.823  3.731  3.437  2.932  1.517
  0.108 -2.234 -2.580 -2.580 -2.580 -2.580 -2.580 -3.208 -3.208 -3.208
 -3.208 -3.208 -3.538 -3.538 -3.538 -3.538 -3.538 -1.769 -0.896 -0.822
  1.753  1.983  2.321  2.321  2.321  4.674  4.674  4.674  4.674  3.863
  3.863  3.863  4.555  4.555  4.555  4.555  4.555  4.399  4.399  4.204
  3.120  0.009 -2.274 -2.274 -2.274 -2.360 -2.360 -2.360 -3.665 -2.360
 -2.360 -2.360 -2.360 -3.503 -3.600 -3.600 -3.503 -2.315 -2.315 -2.105
  1.649  2.311  3.487  4.625  5.038  5.544  6.596  6.596  6.596  6.502
  6.410  5.544  5.038  3.234  3.234  3.234  3.234  2.808  2.656  2.808
  3.383  3.408  3.851  3.851  3.851  3.851  3.853  3.853  3.853  3.853
  3.803  2.146  2.146  0.919 -1.056 -1.056 -1.056 -1.056 -1.056 -1.368
 -1.117 -0.639  0.784  0.932  0.932  0.784 -1.117 -1.368 -1.561 -3.269
 -3.419 -3.419 -3.419 -3.269 -3.068 -3.068  2.893  2.893  2.893  2.893
  2.986  3.992  2.986  1.853  1.853  1.853  1.853  1.298  1.298  0.752
  0.752  0.676  0.676  0.676  0.676  0.676  0.676  0.676  2.309  3.315
  3.525  3.525  4.046  4.046  5.733  5.733  5.733  5.733  5.387  5.387
  2.760  2.008  2.003  1.462 -1.308 -1.308 -1.308 -1.308 -1.308 -0.911
 -0.911 -0.886 -0.363  0.344  0.344  2.653  3.701  3.867  5.421  6.456
  8.390  8.390  8.390  8.390  8.390  8.320  7.909  7.909  7.909  7.133
  6.525  5.295  4.954  1.226  1.226  1.226  1.226  1.226  3.346  4.659
  4.831  4.831  4.831  4.659  3.346  3.063  3.063  1.373  1.047  0.562
  1.047  1.373  1.373  1.373  1.047  0.562  0.210  0.210  0.210 -0.139
 -1.222 -1.222 -1.222 -1.539 -1.975 -2.228 -2.723 -2.857 -2.872 -3.691
 -3.691 -3.691 -3.691 -3.691 -3.383 -3.383 -3.219 -3.219 -3.219 -3.383
 -3.902 -3.902 -3.902 -3.902 -2.927 -2.927  0.117  0.117  0.117  0.117
  0.117  0.117  1.786  1.786  1.994  1.994  2.588  4.831  6.099  6.099
  6.099  6.099  4.831  4.470  4.028  2.488  2.485  2.281 -0.022 -0.022
 -0.022 -0.022  0.384  2.281  5.794  6.657  7.148  7.922  8.022  8.022
  8.065  8.077  8.077  8.065  8.065  8.077  8.407  8.678  8.917  8.917
  8.917  9.209  9.209  9.209  9.334  9.183  9.155  9.155  9.155  9.155
  8.862  8.862  8.516  7.873  6.306  5.012  5.012  5.012  5.012  6.221
  6.221  6.221  6.158  6.158  6.158  6.158  6.158  6.158  6.158  6.169
  6.169  6.169  6.169  6.169  6.118  5.744  5.695  5.363  5.240  5.240
  5.176  5.169  5.152  5.021  4.822  4.822  4.789  4.789  4.778  4.620
  4.572  4.572  4.572  4.620  5.156  5.736  5.750  5.769  5.862  5.886
  5.886  5.900  5.900  5.900  5.862  5.855  5.558  5.458  4.755  4.495
  4.146  4.111  3.435  3.412  3.412  3.191  3.094  3.094  3.094  3.185
  3.094  3.028  2.636  2.612  2.422  2.422  2.190  2.190  2.190  2.190
  3.164  3.553  3.573  3.737  4.251  4.517  4.648  4.648  4.648  4.648
  4.648  4.695  4.695  4.695  4.695  4.819  5.115  5.151  5.151  5.151
  5.115  5.115]
AV offset: 	1 
Min dist: 	9.996
Confidence: 	2.241
