Model syncnet/data/syncnet_v2.model loaded.
WARNING: Audio (35.9040s) and video (35.8400s) lengths are different.
Compute time 4.287 sec.
Framewise conf: 
[-0.358 -0.358 -0.626 -1.705 -1.772 -1.772 -1.772 -2.048 -2.048 -2.048
 -2.048 -2.048 -2.387 -2.048 -1.433 -0.565 -0.565 -0.565 -0.969 -0.969
 -0.969 -0.965 -0.965 -0.965 -0.969 -0.965 -0.576  0.314  0.314 -0.390
 -0.390 -0.390  0.314  0.610  0.314 -0.390 -0.645 -2.532 -2.532 -2.602
 -2.602 -2.602 -2.602 -2.532  2.349  3.327  3.657  4.624  4.742  4.742
  4.624  4.624  3.962  3.962  3.598  3.171  2.021  0.749 -2.504 -2.809
 -2.809 -2.809 -4.200 -4.177 -3.091 -2.809 -2.504 -2.330 -1.969 -1.969
 -1.875 -0.630 -0.630 -0.630 -0.630  0.377  0.850  0.377 -0.256 -1.509
 -2.088 -1.509 -2.088 -2.088 -2.088 -2.088 -2.088 -1.417  0.165  0.344
  2.455  3.791  3.871  4.067  4.737  4.737  4.737  4.737  3.791  3.226
  3.226  0.781 -0.704 -0.704 -0.704  0.781  0.781  0.781 -0.704 -0.794
 -0.704  0.440  0.440 -0.249 -0.794 -0.794 -0.794 -0.794 -1.730 -1.942
 -3.205 -3.674 -4.424 -3.674 -3.674 -3.205 -3.205 -3.205 -2.233 -1.776
 -1.776 -1.318 -1.318 -0.528 -0.528 -0.528 -0.062  0.146  0.146  0.337
  1.524  1.524  1.524  3.806  3.806  3.806  3.806  3.806  1.951  1.951
 -0.024 -0.922 -0.998 -0.998 -1.551 -1.551 -1.123 -1.123 -1.123 -1.123
 -2.345 -1.123 -1.004 -1.004 -1.004 -1.004 -1.004 -1.703 -2.345 -1.703
 -1.703 -1.703  0.457  0.457  0.457  0.442  0.796  0.796  0.442  0.016
  0.016 -0.567 -1.045 -1.045 -1.045 -1.045 -0.567 -0.567 -0.567 -0.567
 -0.123  0.850  1.143  3.065  3.969  3.969  3.969  3.969  3.969  3.067
  2.765  2.765  1.788  1.456  0.964  1.450  1.456  1.456  1.456  1.450
  0.498  0.479 -0.227 -0.227 -0.265 -0.574 -0.670 -0.967 -1.327 -2.895
 -2.895 -2.895 -2.895 -2.895  0.954  3.037  3.037  3.037  4.199  4.199
  3.695  3.037  2.769  2.307  2.307  2.769  3.064  2.307  2.307  2.095
  2.095  2.095  2.095  2.095  1.642  0.869  0.869  0.793 -0.204 -0.204
 -0.204 -0.204 -2.519 -3.513 -3.513 -3.513 -3.513 -3.968 -2.519 -1.751
 -1.751 -1.751 -1.751 -1.462 -1.462 -1.462 -0.269 -1.462 -2.193 -2.090
 -2.090 -2.090 -2.090 -2.090 -2.090 -2.090 -1.153 -1.153 -1.153 -1.153
 -1.153 -1.551 -2.985 -4.068 -4.822 -4.822 -4.822 -4.068 -2.985 -2.786
 -2.395 -0.852 -0.852 -0.852  0.372  0.532  1.344  1.558  1.606  1.606
  1.606  1.606  1.606  1.558  1.558  1.981  1.093  0.666  0.125 -1.428
 -1.441  0.125  1.093  1.093 -0.483 -0.483  1.110  2.056  3.289  3.289
  2.056  2.056  1.447  1.447  1.187  0.459  0.434  0.409 -0.675 -2.094
 -2.817 -3.095 -3.095 -3.645 -3.645 -3.645 -3.645 -3.095 -2.649 -0.883
 -0.883 -0.883 -0.447 -0.202 -0.202  1.586  1.586 -0.494 -1.608 -3.087
 -3.665 -3.665 -3.665 -0.494 -0.494 -0.461 -0.461 -0.461 -0.461 -0.461
 -0.461 -0.461 -1.092 -1.214 -1.214 -1.092 -1.092 -0.833 -0.301 -0.833
 -0.937 -0.937 -0.937 -0.937 -0.937 -0.833 -0.797 -0.797  4.297  4.297
  4.297  4.297  4.297  1.769  1.680  0.936 -0.247 -0.247  0.846  0.846
  0.114  0.046 -0.377 -0.014 -0.014 -0.014 -0.619 -0.716 -3.094 -3.094
 -3.094 -3.094 -3.094 -2.703 -0.712  2.829  2.829  2.829  2.829  2.829
  1.952 -0.054 -0.054 -0.054 -0.371 -1.443 -1.443 -1.540 -1.732 -2.019
 -2.300 -2.385 -4.107 -4.107 -4.107 -2.891 -2.891 -2.891 -2.891 -2.891
 -2.563 -2.267 -2.267 -1.772 -1.711  0.449  0.449  0.449  0.449  0.449
 -0.536 -0.536 -0.536 -0.536 -0.536 -0.493 -0.179 -0.179 -0.179 -0.179
 -0.236 -0.493 -0.792 -0.880 -0.946 -1.191 -1.583 -1.583 -1.191 -1.191
 -1.191 -1.191  1.760  5.720  6.205  6.853  7.065  7.144  8.549  8.549
  8.549  8.549  8.679  8.549  8.147  8.145  8.098  8.032  8.032  7.606
  7.530  5.382  3.818  3.543  3.291  3.068  2.671  2.626  0.868  0.477
 -0.079 -0.079 -0.079  0.477  1.342  1.342  0.848  0.848  1.342  1.342
  0.848  0.172 -0.645 -1.434 -2.317 -1.434 -1.434 -1.434 -2.317 -3.311
 -1.434 -0.632  0.478  0.478  0.478 -1.279 -2.160 -1.279 -1.279 -2.160
 -2.468 -3.455 -3.939 -4.683 -4.683 -4.683 -4.683 -4.683 -1.572 -0.579
 -0.413  1.749  1.749  1.749 -0.242  0.193  1.476  0.350  0.193 -0.242
 -0.395 -0.242 -0.395 -0.714 -1.063 -1.454 -1.454 -1.063 -1.063 -0.985
 -0.985 -1.250 -1.250 -1.250 -1.250 -1.250 -1.250 -1.314 -1.314 -1.608
 -1.792 -1.608 -0.498  0.647  0.647 -0.498  0.647  0.647  0.647  0.647
 -1.753 -2.058 -2.058 -2.058 -1.753 -1.753 -0.886  1.757  1.757  1.757
  1.757  1.757  0.858  0.858  0.858  0.858  0.858  1.910  1.910  1.910
  1.910  1.910  0.665  0.085 -0.614 -0.614 -0.856 -0.992 -0.992 -0.992
 -1.786 -1.786 -1.786 -1.786 -1.786 -1.786 -2.193 -2.193 -1.762 -1.254
 -1.254 -1.075 -1.075  0.153  0.153  0.153  0.153  0.153 -0.544 -0.544
 -1.302 -1.337 -1.544 -1.544 -1.544 -2.718 -2.823 -3.325 -3.578 -4.310
 -3.578 -4.310 -3.429 -3.429 -3.429 -3.429 -3.028 -1.817 -1.636 -1.817
 -1.817 -1.817 -1.833 -2.042 -1.833 -1.833 -1.833 -1.833 -0.799  0.704
  0.825  1.377  3.254  3.254  3.254  3.254  2.808  2.808  0.355 -0.516
 -0.966 -0.966 -0.966 -0.966 -0.966 -0.080  2.865  2.914  3.253  3.253
  3.253  3.253  2.914  0.720  0.720  0.720  0.720  0.570  0.056  0.056
  0.914  1.317  1.893  1.893  3.274  3.998  4.893  5.417  5.639  5.807
  5.879  5.879  5.807  5.807  5.879  6.109  6.266  6.455  6.494  6.515
  6.663  7.230  7.424  7.488  7.535  7.590  7.535  7.535  7.590  7.590
  7.488  7.488  6.907  6.814  6.726  6.726  6.608  6.608  6.608  6.608
  6.624  6.608  6.608  6.608  6.448  6.115  5.475  5.386  5.386  5.386
  5.373  5.077  5.063  5.077  5.351  5.351  5.077  4.860  4.860  4.860
  4.776  5.104  4.709  4.666  4.654  4.546  4.654  4.546  4.504  4.546
  4.410  4.546  4.546  4.483  4.529  4.483  4.529  4.529  4.483  4.529
  4.529  4.529  4.786  4.848  4.896  4.896  5.007  5.007  5.007  5.007
  4.493  4.493  4.493  4.493  5.013  5.013  5.543  5.604  5.604  5.791
  5.791  5.791  5.791  5.947  5.947  5.947  5.625  5.625  5.403  5.403
  5.379  5.379  5.379  5.223  5.223  5.313  5.313  5.313  5.313  5.313
  5.313  5.313  5.383  5.588  5.588  5.588  5.588  5.588  5.323  4.522
  4.522  4.512  4.512  4.298  4.136  4.136  4.298  4.298  4.298  4.165
  4.165  3.949  3.949  3.949  3.949  3.949  3.949  3.949  3.492  3.492
  3.970  4.008  4.008  4.008  4.008  3.970  3.700  4.008  3.853  3.853
  3.853  4.048  4.048  3.853  4.048  4.418  4.048  4.418  4.418  4.418
  4.418  4.418  4.418  4.231  3.689  3.053  2.842  2.842  2.842  2.842
  3.053  4.081  4.081  4.081  4.409  4.482  4.482  4.814  4.814  4.814
  2.331  2.331  3.442  2.331  2.331  2.331  2.331  2.472  2.934  2.934
  3.256  3.256  3.256  3.382  3.382  3.382  5.405  5.405  5.405  5.405
  3.253]
AV offset: 	0 
Min dist: 	10.495
Confidence: 	1.056
