Model syncnet/data/syncnet_v2.model loaded.
WARNING: Audio (20.0960s) and video (20.0400s) lengths are different.
Compute time 2.810 sec.
Framewise conf: 
[ 0.000  0.000  2.630  2.630  2.630  2.630  2.630  2.083  2.083  0.624
  0.624  0.341  0.341  0.624  1.182  1.182  0.341 -1.584 -1.584 -1.584
 -1.584 -1.584 -3.927 -3.927 -3.927 -2.592 -0.378 -0.187 -0.187 -0.187
 -0.187 -0.025 -0.025 -0.025 -0.818 -0.818 -1.586 -1.853 -1.853 -1.586
 -1.586  0.007  0.007  0.007 -0.042 -0.042 -0.042 -0.349 -1.110 -1.260
 -1.951 -1.951 -1.951 -1.260 -1.260 -1.951 -1.951 -2.471 -2.471 -2.497
 -2.497 -2.497 -2.497 -2.497 -2.183 -1.489 -0.990 -0.978 -0.239 -0.239
 -0.224 -0.239 -0.224 -0.224 -0.239 -0.978 -1.082 -1.646 -1.646 -2.882
 -2.882 -4.964 -6.073 -6.443 -6.443 -6.073 -3.515 -2.882 -1.953 -1.093
  1.613  1.613  1.613  1.613  0.849  0.448  0.849  0.849  0.448 -0.235
 -0.235  0.448  0.448  0.448  0.065 -0.304 -0.415 -0.693 -0.693 -1.922
 -2.206 -2.206 -2.206 -2.206 -2.206 -0.421  1.022  1.022  1.022  1.022
 -0.421 -0.462 -1.157 -1.394 -1.394 -1.394 -1.157 -0.649 -0.462 -0.121
 -0.026  0.003  0.003  0.003 -0.026 -0.649 -0.026 -1.194 -1.904 -2.144
 -2.682 -2.144 -1.904 -1.194 -0.766 -0.766 -0.766 -0.439  0.943  0.943
  1.228  0.943  0.943  1.228  1.329  1.329  1.329  0.073  0.073  0.073
  2.275  0.407  0.073 -0.496 -0.760 -0.496  0.407  0.667  0.667  0.667
  1.270  3.657  3.954  3.954  3.954  3.657  3.657  1.769  2.133  2.133
  2.133  2.133  2.204  3.099  3.099  2.204  2.204  2.204  2.168  1.849
  1.706  0.284 -0.359 -0.359 -0.359 -0.599 -1.918 -2.874 -2.874 -0.599
 -0.109  0.722  2.409  2.409  2.409  2.409  2.409  2.349  1.274  0.860
 -0.008 -0.008 -0.008  0.860  1.274  1.274  1.274  0.715  0.715  0.715
  0.597  0.597  0.597 -0.913 -2.184 -2.184 -0.913  0.177  0.177  0.137
  0.137  0.137  0.177  1.117  1.304  1.117  1.117  1.117  1.347  1.117
  1.060  0.795  0.226 -0.278  0.226  0.226 -0.074 -0.397 -0.397 -1.766
 -1.766 -1.069 -0.989 -0.989 -0.989  0.040  0.084  0.084  0.084  0.084
  0.876  1.103  0.876  0.876  0.876 -0.055 -0.055 -0.055  1.103  1.223
 -0.055  0.077  0.077  0.077  1.222  1.222  1.222  0.463  0.463  1.222
  1.222  1.073  0.463  0.294 -0.498 -0.498 -0.765 -0.765 -0.765 -0.765
 -0.765  0.137  0.566  0.566  0.566  0.566  0.415  0.137 -0.179 -1.383
 -1.551 -1.748 -1.748 -1.748 -3.252 -3.252 -3.252 -2.802 -0.807 -0.022
  1.364  1.847  1.364  1.364  1.364  1.364  1.322  1.322 -0.104 -0.104
 -0.104  0.629  0.629  0.629  0.629  0.629  0.629  1.613  1.827  1.827
  1.613  1.613  1.613  1.613 -0.108 -0.108 -0.108 -0.168 -0.704 -0.704
 -0.405 -0.405 -0.108 -0.405 -0.405 -0.405 -0.145 -0.002  0.242  0.242
  0.476  0.476  0.476  0.087  0.087 -1.103 -2.203 -2.853 -2.853 -2.853
 -2.853 -2.272 -2.203 -0.348  0.062  1.212  1.212  0.062  0.062  1.212
  1.212  1.059  1.059  1.059  1.059  1.830  2.300  2.300  1.830  2.300
  2.300  2.300  1.830  1.813  1.802  0.603  0.460  0.460  0.460  0.460
  0.460  0.646  0.779  0.779  0.779  0.779  0.646 -0.222 -2.259 -2.720
 -2.773 -2.773 -2.773 -2.773 -2.259 -1.449  0.121  2.579  5.002  5.839
  5.839  5.839  5.839  5.839  5.739  4.028  3.050  2.638  1.409  0.766
 -1.118 -1.301 -1.301 -1.339 -1.639 -1.639 -1.639 -1.301 -1.287 -0.354
  1.298  1.298  1.298  1.298  1.298  1.298  0.522 -0.678 -2.072 -2.560
 -2.560 -2.072 -0.749 -0.749 -0.749 -0.749  0.298  0.298  0.298  0.298
  0.630  0.630  0.040 -0.881 -2.033 -2.101 -2.033 -0.881 -0.385 -0.385
 -1.018 -0.385 -0.243 -0.243 -0.243 -0.243  0.010  0.010  0.552  0.811
  0.866  1.155  2.107  2.107  2.107  2.604  4.232  4.232  2.107  1.919
  1.230 -0.069 -0.069 -0.069 -0.069 -0.069  1.109  3.559  5.359  5.366
  5.398  5.398  5.366  5.359  5.180  3.559]
AV offset: 	-9 
Min dist: 	12.595
Confidence: 	0.162
