Model syncnet/data/syncnet_v2.model loaded.
WARNING: Audio (25.9840s) and video (25.9600s) lengths are different.
Compute time 3.080 sec.
Framewise conf: 
[ 0.000  1.568  2.772  2.772  2.772  1.568  0.435  0.435  1.240  1.240
  1.240  1.240  2.551  2.716  2.716  2.716  2.716  2.551  2.041  0.919
 -0.739 -1.000 -1.251 -1.527 -2.131 -2.131 -2.131 -2.131 -2.220 -1.251
  0.728  1.538  1.990  3.039  3.642  4.669  5.184  5.737  5.737  5.184
  5.184  4.669  2.182  1.723  0.938  0.938  0.938  0.938  1.723  1.723
  2.329  2.897  2.897  3.264  3.264  2.897  2.897  1.602  1.234  0.895
 -0.272 -0.536 -0.536 -0.536 -0.536 -0.536  2.030  2.030  2.030  2.030
  2.030  0.326  0.045 -0.921 -0.921 -0.921 -0.921 -0.026  0.045  0.545
  2.138  2.424  3.313  3.451  4.300  4.300  4.354  4.657  4.657  4.657
  4.303  4.300  3.778  3.508  3.508  3.499  3.499  3.508  3.778  2.929
  1.010  2.929  3.405  3.405  3.925  4.087  4.087  3.405  3.696  4.087
  3.696  3.696  3.696  2.019  2.019  2.019  3.206  2.019  1.627  1.627
  2.019  2.501  2.501  0.722 -1.258 -1.727 -1.727  0.722  1.307  1.307
  1.307  1.445  1.911  2.069  2.078  2.990  3.358  2.990  3.358  3.358
  2.990  2.956  3.331  2.956  1.981  1.879  1.981  1.981  1.981  3.331
  3.331  1.981  1.981  3.237  3.237  3.237  3.237  3.237  3.237  4.839
  5.101  5.101  5.101  5.101  5.101  5.070  3.767 -0.307 -1.190 -1.312
 -1.855 -1.855 -1.855 -1.855 -0.307 -0.010  0.422  0.429  0.893  1.250
  2.237  2.793  3.496  3.753  4.288  4.288  4.288  4.288  4.288  3.562
  2.952  2.952  2.347  2.106  2.347  2.347  2.347  0.811  0.344 -0.087
 -0.271 -0.492 -0.492 -0.492 -0.492 -0.271  0.201  1.283  1.283  1.283
  1.385  1.936  1.980  1.980  1.980  1.456  1.456  2.801  2.837  2.801
  2.207  1.456  1.456  2.207  2.801  2.983  2.207  1.114  1.114  1.114
  1.114  0.749  0.327 -0.489 -0.489 -0.715 -0.489 -0.489 -0.489  1.073
  2.132  2.132  2.440  2.588  3.410  5.123  5.229  5.566  5.566  5.566
  5.837  5.837  5.837  5.837  5.837  5.183  4.091  3.616  2.999  1.122
  1.122  1.122  1.122  1.122  2.473  2.995  5.889  5.889  5.889  5.889
  5.889  5.807  4.234  2.895  2.895  2.895  2.877  2.895  2.895  3.379
  4.913  4.953  4.966  4.966  5.616  5.616  5.616  5.616  5.616  3.112
  3.112  3.112  3.112  2.698  2.698  2.698  3.139  4.312  4.492  4.312
  3.139  2.575  2.631  2.575  2.575  2.573  1.000  0.480  0.480  0.480
  0.480  0.480  0.844  1.109  1.348  1.348  2.277  2.277  2.277  1.891
  1.440  1.891  1.891  1.891  3.623  1.891  1.616  1.616  4.178  4.987
  4.178  3.120  3.120  3.120  3.120  4.178  4.309  4.309  3.120  3.120
  2.915  2.915  2.915  3.681  2.915  2.865  2.865  2.432  2.432  1.550
  0.306  0.306  0.237  0.237  0.237  0.306  0.306  1.315  1.422  1.458
  2.367  2.752  2.367  1.458  1.458  1.458  1.397  1.397  1.397  0.443
  0.443  1.397  1.811  2.932  2.932  2.932  2.251  2.251  2.932  3.015
  3.015  3.015  2.910  3.015  3.557  3.633  3.859  3.859  3.859  3.859
  3.993  4.325  4.454  4.461  4.461  4.454  4.454  4.461  4.461  4.454
  4.454  4.487  4.441  3.751  4.441  4.487  4.969  4.969  4.969  4.905
  3.596  3.596  3.596  3.306  3.306  3.306  3.306  3.306  5.339  5.571
  5.832  5.832  5.832  5.571  5.571  5.339  4.750  4.200  4.042  3.940
  3.940  3.850  3.850  3.850  3.850  3.850  3.805  3.805  4.310  4.572
  4.574  4.574  4.574  4.574  4.518  4.518  3.952  3.730  3.730  2.894
  2.894  2.894  3.582  3.582  3.669  3.669  3.582  3.582  3.669  4.996
  4.450  3.669  4.450  4.450  4.850  4.996  4.996  5.321  5.414  5.414
  5.414  5.445  5.445  5.445  5.398  5.362  4.984  4.984  4.809  4.590
  4.022  4.014  3.362  3.362  3.262  3.262  3.262  3.262  3.262  3.262
  3.262  3.323  3.427  3.427  3.323  3.323  3.323  3.272  3.272  3.272
  3.025  2.798  3.025  2.733  2.733  2.733  2.733  4.271  4.964  4.964
  4.964  4.271  4.486  4.486  4.486  4.964  4.964  5.699  5.699  5.699
  5.699  5.699  4.978  4.525  4.349  4.321  3.588  3.221  2.930  2.599
  2.566  2.111  1.913  1.609  1.609  1.609  1.609  1.609  1.950  1.950
  1.950  1.950  1.950  1.795  1.750  1.750  1.750  1.682  1.606  1.606
  1.375  1.375  1.375  1.606  1.606  1.606  1.667  1.667  1.667  1.667
  1.580  1.667  1.667  1.641  1.580  1.495  1.473  1.473  1.641  1.670
  1.670  1.641  1.625  1.625  1.625  1.625  1.420  1.288  1.288  1.288
  1.269  1.288  1.288  1.288  1.269  1.108  0.994  0.994  0.994  1.108
  1.108  1.374  1.374  1.486  1.486  1.486  1.374  1.339  1.322  1.104
  0.967  0.878  0.870  0.857  0.857  0.854  0.854  0.854  0.870  0.878
  0.870  0.854  0.905  0.905  0.905  0.905  0.899  0.743  0.635  0.635
  0.635  0.635  0.369  0.369  0.369  0.505  0.507  0.827  0.889  1.114
  1.184  1.856  2.101  2.455  2.455  2.455  2.455  2.455  2.455  2.455
  2.455  2.455  2.455  2.455]
AV offset: 	-3 
Min dist: 	8.691
Confidence: 	2.531
