Model syncnet/data/syncnet_v2.model loaded.
WARNING: Audio (15.6800s) and video (15.6000s) lengths are different.
Compute time 2.581 sec.
Framewise conf: 
[-3.027 -3.459 -3.522 -3.522 -3.522 -3.522 -3.459 -3.380 -2.995 -1.302
 -0.991  2.370  2.370  2.370  2.370  2.370 -0.864 -1.905 -2.825 -3.466
 -4.065 -4.065 -2.942 -2.825 -2.942 -4.065 -4.951 -4.065 -4.674 -3.864
 -4.674 -4.975 -5.194 -5.350 -5.347 -5.434 -6.063 -6.063 -6.063 -5.434
 -5.347 -5.261 -5.064 -5.064 -4.841 -4.841 -4.841 -4.841 -3.624 -3.624
 -3.624 -3.624 -3.624 -4.661 -4.661 -2.594 -2.594 -4.171 -4.661 -4.661
 -4.171 -3.991 -3.088 -2.226 -3.088 -3.088 -2.339 -2.339 -2.339 -3.991
 -4.477 -4.816 -5.413 -5.413 -5.608 -5.639 -6.707 -6.707 -6.708 -5.639
 -5.608 -5.639 -5.932 -6.726 -7.774 -7.774 -7.774 -6.774 -6.774 -6.774
 -6.774 -6.774 -6.118 -6.118 -6.118 -6.118 -5.639 -5.311 -5.311 -5.639
 -6.557 -6.557 -6.011 -6.011 -5.855 -5.855 -5.855 -5.855 -5.376 -4.443
 -4.443 -4.443 -4.443 -4.443 -4.443 -4.443 -4.443 -4.447 -4.447 -1.284
 -1.284 -1.284 -1.284 -3.022 -3.356 -3.371 -3.371 -3.822 -3.880 -3.880
 -3.880 -3.822 -3.822 -2.846  2.406  2.612  3.138  3.138  3.138  3.138
  2.612 -1.496 -1.951 -1.951 -2.521 -3.053 -3.339 -3.613 -3.613 -3.053
 -2.894 -2.521 -2.521 -2.386 -2.386 -2.386 -1.955 -1.955 -1.492 -1.492
 -1.492 -1.492 -1.492 -0.650 -0.650 -0.650 -1.107 -1.107 -0.208 -0.208
 -0.208  0.728  1.456  1.783  3.656  6.056  5.716  5.170  5.170  5.716
  5.863  5.863  5.716  5.716  5.170  4.006  3.603  3.267  1.916  1.158
  1.158  1.158  1.158  1.158  1.359  1.519  3.335  3.335  3.709  3.709
  3.335  3.335  3.335  3.247  3.247  2.828  2.327  2.327  2.828  3.422
  3.601  3.601  3.634  4.417  5.322  5.322  5.322  5.322  5.322  5.168
  4.580  4.580  4.580  4.580  4.668  5.083  5.168  5.269  5.269  5.590
  5.741  5.741  5.741  5.590  4.555  3.340  3.340  3.186  3.186  3.186
  3.186  3.448  3.448  3.448  3.448  3.342  3.342  3.342  3.342  2.069
  2.069  3.284  3.342  3.492  3.492  4.235  3.492  3.492  3.631  3.631
  4.423  5.644  5.644  5.644  4.423  4.770  4.770  4.770  4.221  3.820
  3.802  3.802  1.791  1.791  1.791  3.802  3.872  5.254  5.254  5.847
  5.847  5.921  5.847  5.847  5.017  4.843  3.179  4.843  3.179  2.992
  2.992  1.966  1.905  1.966  3.179  3.263  3.263  3.653  3.653  3.653
  3.653  3.653  2.949  2.046  2.046  2.046  1.855  1.855  2.046  2.833
  2.899  3.073  3.073  4.186  4.821  4.945  4.945  4.945  4.821  3.846
  3.708  3.708  3.518  2.528  2.060  1.799 -0.753 -0.753 -0.753 -0.753
 -0.753  3.398  4.169  4.169  4.169  4.169  3.493  3.398  3.036  2.980
  2.069  2.069  2.069  2.069  2.069  2.275  2.275  4.563  5.298  5.391
  5.298  5.298  4.563  5.166  5.298  5.524  5.870  5.870  5.524  5.524
  5.524  6.018  6.572  6.652  6.652  6.652  6.127  6.127  6.127  5.929
  5.120  4.193  4.193  4.193  3.237  3.237  4.193  4.193  4.193  4.199
  4.461  4.199  4.051  4.051  3.957]
AV offset: 	-4 
Min dist: 	9.830
Confidence: 	0.400
